353199599 -13.8671863 -40.0721722
353199604 -13.8712587 -40.0454888
353199605 -13.8736880 -40.0409044
530927936 -13.8655826 -40.0775393
1426091606 -13.8642853 -40.0981699
1426091607 -13.8642661 -40.0872956
1426091608 -13.8650435 -40.1073745
1426091609 -13.8656468 -40.0799988
1426091612 -13.8672717 -40.1280854
1426091614 -13.8679488 -40.0778959
1426091616 -13.8678112 -40.1330521
1426091618 -13.8689043 -40.1207439
1426091619 -13.8686335 -40.1116673
1426091620 -13.8695918 -40.1148216
1426091621 -13.8738546 -40.0782392
1426091622 -13.8807810 -40.0763295
1426091623 -13.8825640 -40.0558740
1426091624 -13.8838757 -40.0541571
1426091625 -13.8850722 -40.0612878
1426091626 -13.8870125 -40.0675212
1426091627 -13.8862629 -40.0540496
1426091628 -13.8935397 -40.0609873
1426091629 -13.8942981 -40.0498246
1426091630 -13.8951398 -40.0448671
1426091631 -13.8974453 -40.0595174
1426091632 -13.8988513 -40.0549469
1426091633 -13.9021782 -40.0382863
1426091634 -13.9166519 -40.0345250
1930357269 -13.8681471 -40.0567859
1930357271 -13.8710996 -40.0507646
1930357273 -13.8716688 -40.0491008
2197027088 -13.8671365 -40.0723827
2197027111 -13.8715592 -40.0436920
2197027127 -13.8723895 -40.0422292
2197027130 -13.8730715 -40.0414384
2271196208 -13.8640280 -40.0958725
2271196209 -13.8641629 -40.1025825
2271196210 -13.8644009 -40.0863511
2271196211 -13.8644406 -40.0827059
2271196212 -13.8644406 -40.0918024
2271196213 -13.8645993 -40.0856564
2271196214 -13.8644520 -40.0946242
2271196215 -13.8774771 -40.0777368
2271196216 -13.8829530 -40.0581745
2271196217 -13.8835926 -40.0728229
2271196218 -13.8861116 -40.0702356
2271196219 -13.8864089 -40.0645085
2271196220 -13.8897430 -40.0575193
2271196221 -13.8951856 -40.0610664
2271196222 -13.8961059 -40.0528281
2271196223 -13.8986129 -40.0415903
2271196224 -13.8990283 -40.0569425
2271196225 -13.9044970 -40.0370952
2271196226 -13.9102366 -40.0367436
2271196227 -13.9116437 -40.0357544
2271196228 -13.9148076 -40.0352112
2271245947 -13.8714621 -40.0700033
2271245949 -13.8715346 -40.0700069
2271245951 -13.8715190 -40.0701277
2271245953 -13.8716226 -40.0697189
2271245955 -13.8716347 -40.0701402
2271245957 -13.8721351 -40.0705561
2271245959 -13.8721627 -40.0711249
2271245961 -13.8722697 -40.0711302
2271245963 -13.8724336 -40.0711693
2271245965 -13.8727287 -40.0712120
2271245967 -13.8728115 -40.0697811
2271245969 -13.8730721 -40.0713417
2271245971 -13.8733775 -40.0716048
2271245973 -13.8738711 -40.0698184
2271245975 -13.8739401 -40.0720865
2271245978 -13.8740074 -40.0699162
2271245980 -13.8740661 -40.0719336
2271245982 -13.8741869 -40.0709507
2271245984 -13.8742283 -40.0702130
2271245986 -13.8742127 -40.0707996
2271245992 -13.8742093 -40.0723762
2271245994 -13.8742386 -40.0709560
2271245997 -13.8743301 -40.0708032
2271245999 -13.8743750 -40.0707676
2271246001 -13.8743801 -40.0707143
2271246002 -13.8744129 -40.0710289
2271246004 -13.8745078 -40.0710947
2271246006 -13.8747908 -40.0721238
2271246008 -13.8747718 -40.0721843
2323091836 -13.8399878 -40.0680185
2323091837 -13.8410545 -40.0682743
2323091840 -13.8427730 -40.0686143
2323091843 -13.8440002 -40.0691385
2323091844 -13.8462369 -40.0704633
2323091847 -13.8483542 -40.0716949
2323091848 -13.8488295 -40.0719245
2323091850 -13.8495923 -40.0721844
2323091852 -13.8501413 -40.0723097
2323091854 -13.8505021 -40.0723521
2323091855 -13.8515462 -40.0723899
2323091859 -13.8536458 -40.0723481
2323091861 -13.8538816 -40.0723959
2323091863 -13.8543099 -40.0727102
2323091864 -13.8547441 -40.0733206
2323091866 -13.8553995 -40.0738464
2323091872 -13.8561065 -40.0741807
2323091876 -13.8577483 -40.0747529
2323091890 -13.8600660 -40.0755506
2323091912 -13.8617253 -40.0761625
2323091918 -13.8623602 -40.0763967
2323091922 -13.8628725 -40.0728256
2323091932 -13.8642842 -40.0770874
2323091936 -13.8644292 -40.0740938
2323091937 -13.8644276 -40.0735351
2323091940 -13.8646461 -40.0772173
2323091941 -13.8648877 -40.0767482
2323091942 -13.8649125 -40.0772186
2323091943 -13.8651941 -40.0772005
2323091945 -13.8650949 -40.0738523
2323091947 -13.8655168 -40.0771461
2323091948 -13.8655272 -40.0704644
2323091949 -13.8655646 -40.0706610
2323091950 -13.8656671 -40.0752761
2323091951 -13.8657163 -40.0770796
2323091952 -13.8659763 -40.0747432
2323091953 -13.8660624 -40.0705242
2323091954 -13.8661181 -40.0745025
2323091957 -13.8663570 -40.0766688
2323091958 -13.8665747 -40.0734734
2323091959 -13.8667968 -40.0705627
2323091960 -13.8668900 -40.0749690
2323091961 -13.8669598 -40.0727257
2323091962 -13.8671328 -40.0705456
2323091963 -13.8671693 -40.0722442
2323091964 -13.8672683 -40.0708583
2323091965 -13.8672817 -40.0706447
2323091966 -13.8672885 -40.0705351
2323091968 -13.8673113 -40.0763036
2323091970 -13.8674163 -40.0739287
2323091973 -13.8674936 -40.0753727
2323091974 -13.8675767 -40.0704601
2323091976 -13.8675535 -40.0762043
2323091978 -13.8677878 -40.0761802
2323091980 -13.8679134 -40.0756161
2323091982 -13.8679269 -40.0725448
2323091983 -13.8681121 -40.0733140
2323091985 -13.8683788 -40.0727241
2323091986 -13.8684134 -40.0712441
2323091988 -13.8684447 -40.0727503
2323091990 -13.8685057 -40.0745180
2323091991 -13.8685393 -40.0698747
2323091993 -13.8687038 -40.0744880
2323091995 -13.8687135 -40.0696397
2323091996 -13.8687773 -40.0702713
2323091998 -13.8689179 -40.0715531
2323092000 -13.8689299 -40.0737316
2323092002 -13.8689757 -40.0714068
2323092004 -13.8690247 -40.0694132
2323092005 -13.8690336 -40.0738769
2323092007 -13.8690342 -40.0761689
2323092009 -13.8690013 -40.0695826
2323092012 -13.8690770 -40.0737963
2323092014 -13.8692238 -40.0691867
2323092016 -13.8692858 -40.0730840
2323092018 -13.8693331 -40.0705027
2323092019 -13.8693695 -40.0704108
2323092022 -13.8693773 -40.0691311
2323092023 -13.8694013 -40.0690970
2323092025 -13.8694180 -40.0728434
2323092027 -13.8694245 -40.0731528
2323092029 -13.8695391 -40.0727016
2323092031 -13.8695688 -40.0728854
2323092032 -13.8695854 -40.0698645
2323092034 -13.8696186 -40.0727872
2323092036 -13.8696511 -40.0685670
2323092037 -13.8696893 -40.0724918
2323092039 -13.8696849 -40.0727273
2323092040 -13.8697290 -40.0725745
2323092041 -13.8697780 -40.0746950
2323092042 -13.8697886 -40.0727102
2323092043 -13.8698312 -40.0692770
2323092044 -13.8698551 -40.0725624
2323092045 -13.8698606 -40.0692066
2323092047 -13.8698895 -40.0707850
2323092048 -13.8698636 -40.0721989
2323092049 -13.8699175 -40.0683641
2323092051 -13.8699714 -40.0742926
2323092052 -13.8699913 -40.0682594
2323092054 -13.8700377 -40.0687833
2323092055 -13.8701104 -40.0709460
2323092056 -13.8702734 -40.0678619
2323092057 -13.8702859 -40.0676611
2323092058 -13.8703080 -40.0685618
2323092059 -13.8703297 -40.0735344
2323092060 -13.8703954 -40.0753926
2323092061 -13.8704940 -40.0697986
2323092062 -13.8705456 -40.0751007
2323092063 -13.8705488 -40.0754746
2323092064 -13.8707008 -40.0727975
2323092065 -13.8707088 -40.0694481
2323092066 -13.8707414 -40.0747200
2323092067 -13.8707425 -40.0757042
2323092068 -13.8707433 -40.0674582
2323092069 -13.8707835 -40.0747433
2323092070 -13.8707837 -40.0672252
2323092071 -13.8707870 -40.0726478
2323092072 -13.8709181 -40.0734943
2323092073 -13.8710065 -40.0747917
2323092074 -13.8710184 -40.0719319
2323092075 -13.8710715 -40.0688664
2323092076 -13.8710742 -40.0671739
2323092077 -13.8710219 -40.0736559
2323092078 -13.8711138 -40.0717482
2323092079 -13.8711772 -40.0738889
2323092080 -13.8712200 -40.0728299
2323092082 -13.8713918 -40.0715302
2323092083 -13.8714762 -40.0696665
2323092084 -13.8714281 -40.0698583
2323092085 -13.8715622 -40.0696533
2323092086 -13.8718291 -40.0696840
2323092087 -13.8716251 -40.0678088
2323092088 -13.8716546 -40.0692978
2323092089 -13.8716856 -40.0691132
2323092090 -13.8717647 -40.0678643
2323092092 -13.8719312 -40.0727561
2323092094 -13.8719235 -40.0729003
2323092095 -13.8718564 -40.0740942
2323092096 -13.8717861 -40.0665324
2323092097 -13.8719853 -40.0730792
2323092098 -13.8720099 -40.0725944
2323092099 -13.8720539 -40.0731594
2323092100 -13.8721360 -40.0725067
2323092101 -13.8721536 -40.0732380
2323092102 -13.8721635 -40.0712225
2323092103 -13.8722953 -40.0724734
2323092104 -13.8722857 -40.0733166
2323092105 -13.8724353 -40.0724674
2323092106 -13.8724411 -40.0733468
2323092107 -13.8723506 -40.0712419
2323092108 -13.8725966 -40.0733317
2323092109 -13.8726201 -40.0724886
2323092110 -13.8726240 -40.0740472
2323092111 -13.8727198 -40.0732954
2323092112 -13.8728284 -40.0725672
2323092113 -13.8725626 -40.0712866
2323092114 -13.8728782 -40.0732047
2323092115 -13.8729164 -40.0726518
2323092116 -13.8729516 -40.0730839
2323092117 -13.8729839 -40.0727877
2323092118 -13.8729956 -40.0729116
2323092120 -13.8732441 -40.0739192
2323092121 -13.8733044 -40.0716255
2323092123 -13.8734521 -40.0748705
2323092124 -13.8734691 -40.0739288
2323092126 -13.8735408 -40.0737139
2323092127 -13.8736819 -40.0736028
2323092128 -13.8736931 -40.0739288
2323092129 -13.8737109 -40.0719917
2323092130 -13.8738261 -40.0734458
2323092131 -13.8738976 -40.0723422
2323092132 -13.8739006 -40.0738904
2323092133 -13.8739333 -40.0697870
2323092134 -13.8739534 -40.0725032
2323092135 -13.8739433 -40.0731926
2323092136 -13.8739724 -40.0729847
2323092137 -13.8740233 -40.0738085
2323092138 -13.8741993 -40.0737023
2323092139 -13.8742272 -40.0701338
2323092140 -13.8742560 -40.0701677
2323092141 -13.8743718 -40.0705557
2323092142 -13.8744565 -40.0735015
2323092143 -13.8744938 -40.0709644
2323092144 -13.8746158 -40.0713728
2323092145 -13.8746556 -40.0732194
2323092146 -13.8747146 -40.0730754
2323092147 -13.8747396 -40.0717876
2323092148 -13.8747674 -40.0729126
2323092149 -13.8748117 -40.0727259
2323092150 -13.8748643 -40.0722053
2323092151 -13.8752417 -40.0697987
2323092152 -13.8753590 -40.0740778
2323092153 -13.8753778 -40.0702181
2323092154 -13.8754438 -40.0740187
2323092155 -13.8755162 -40.0706450
2323092156 -13.8756406 -40.0710282
2323092157 -13.8756619 -40.0719431
2323092158 -13.8757403 -40.0738119
2323092159 -13.8757753 -40.0714434
2323092160 -13.8759103 -40.0718595
2323092161 -13.8760401 -40.0695560
2323092162 -13.8760689 -40.0734251
2323092163 -13.8761792 -40.0699786
2323092164 -13.8763006 -40.0703700
2323092165 -13.8764299 -40.0707869
2323092166 -13.8765106 -40.0726968
2323092167 -13.8765565 -40.0711949
2323092168 -13.8766263 -40.0724642
2323092169 -13.8766830 -40.0716201
2323092170 -13.8768259 -40.0715623
2323092171 -13.8769103 -40.0702024
2323092172 -13.8769555 -40.0696398
2323092173 -13.8771088 -40.0690167
2323092174 -13.8770722 -40.0692793
2323092175 -13.8771074 -40.0690557
2323093659 -13.8610060 -40.0600900
2323093660 -13.8614578 -40.0621992
2323093661 -13.8624553 -40.0634441
2323093662 -13.8626460 -40.0694372
2323093663 -13.8638635 -40.0648341
2323093665 -13.8640073 -40.0700778
2323093666 -13.8646556 -40.0653538
2323093667 -13.8650487 -40.0655775
2323093668 -13.8650575 -40.0705794
2323093669 -13.8654127 -40.0656727
2323093670 -13.8654280 -40.0672277
2323093671 -13.8654375 -40.0681983
2323093672 -13.8654564 -40.0686757
2323093673 -13.8655511 -40.0705902
2323093674 -13.8656076 -40.0729460
2323093675 -13.8657093 -40.0704848
2323093676 -13.8658648 -40.0742109
2323093677 -13.8659929 -40.0696911
2323093679 -13.8660408 -40.0695568
2323093680 -13.8660730 -40.0686382
2323093681 -13.8661526 -40.0672670
2323093682 -13.8662500 -40.0658919
2323093683 -13.8667150 -40.0660136
2323093684 -13.8667608 -40.0673000
2323093685 -13.8668263 -40.0685923
2323093686 -13.8673939 -40.0688480
2323093687 -13.8674121 -40.0685567
2323093688 -13.8674881 -40.0673394
2323093689 -13.8675544 -40.0662204
2323093690 -13.8680453 -40.0757085
2323095148 -13.8631968 -40.0696964
2323095149 -13.8632847 -40.0738415
2323095162 -13.8637104 -40.0732079
2323095164 -13.8638260 -40.0677901
2323095165 -13.8640424 -40.0727255
2323095169 -13.8642558 -40.0718520
2323095170 -13.8643378 -40.0679009
2323095171 -13.8643503 -40.0734998
2323095173 -13.8644371 -40.0711103
2323095174 -13.8644721 -40.0652335
2323095175 -13.8646149 -40.0703923
2323095178 -13.8647815 -40.0654255
2323095179 -13.8649367 -40.0719547
2323095181 -13.8650633 -40.0659508
2323095182 -13.8650670 -40.0661340
2323095183 -13.8651044 -40.0680237
2323095184 -13.8651161 -40.0655951
2323095185 -13.8652100 -40.0653404
2323095186 -13.8653274 -40.0651470
2323095187 -13.8654365 -40.0680982
2323095188 -13.8655093 -40.0650382
2323095189 -13.8655726 -40.0710861
2323095190 -13.8655811 -40.0715388
2323095191 -13.8655886 -40.0719378
2323095192 -13.8656882 -40.0649789
2323095193 -13.8660061 -40.0649563
2323095194 -13.8662913 -40.0695115
2323095195 -13.8663061 -40.0650051
2323095196 -13.8666431 -40.0702535
2323095197 -13.8670465 -40.0651772
2323095198 -13.8672810 -40.0654198
2323095199 -13.8672419 -40.0712825
2323095200 -13.8675684 -40.0660535
2323100911 -13.8583432 -40.0749576
2323100912 -13.8583730 -40.0748060
2323100913 -13.8586012 -40.0739984
2323100914 -13.8589414 -40.0709002
2323100915 -13.8590368 -40.0728915
2323100916 -13.8591596 -40.0722865
2323100917 -13.8590949 -40.0719215
2323100918 -13.8590929 -40.0701091
2323100919 -13.8591330 -40.0697481
2323100920 -13.8591364 -40.0724044
2323100922 -13.8593853 -40.0691780
2323100923 -13.8596674 -40.0689301
2323100928 -13.8603330 -40.0688086
2323100930 -13.8604611 -40.0672106
2323100931 -13.8604947 -40.0671192
2323100934 -13.8606371 -40.0667331
2323100935 -13.8606524 -40.0688176
2323100937 -13.8607368 -40.0660623
2323100939 -13.8608129 -40.0649051
2323100941 -13.8608835 -40.0638323
2323100942 -13.8608977 -40.0637077
2323100945 -13.8609481 -40.0607682
2323100948 -13.8610781 -40.0604307
2323100949 -13.8611154 -40.0689387
2323100951 -13.8612479 -40.0612191
2323100954 -13.8613165 -40.0690071
2323100957 -13.8614003 -40.0690342
2323100958 -13.8614398 -40.0605222
2323100960 -13.8614360 -40.0620974
2323100961 -13.8614423 -40.0593742
2323100965 -13.8616212 -40.0624031
2323100967 -13.8616580 -40.0621535
2323100971 -13.8618157 -40.0590751
2323100974 -13.8619816 -40.0606611
2323100975 -13.8620209 -40.0629020
2323100978 -13.8620842 -40.0629809
2323100981 -13.8621731 -40.0622835
2323100983 -13.8622140 -40.0588614
2323100988 -13.8624209 -40.0751271
2323100992 -13.8625415 -40.0608025
2323100994 -13.8626123 -40.0587161
2323100997 -13.8627319 -40.0624250
2323101003 -13.8629433 -40.0639258
2323101005 -13.8629658 -40.0766141
2323101006 -13.8629939 -40.0586563
2323101007 -13.8630085 -40.0639901
2323101008 -13.8630898 -40.0609313
2323101009 -13.8630660 -40.0586548
2323101010 -13.8631009 -40.0741150
2323101011 -13.8633054 -40.0625702
2323101013 -13.8634254 -40.0586477
2323101014 -13.8634314 -40.0644076
2323101016 -13.8635057 -40.0626209
2323101017 -13.8636049 -40.0586998
2323101018 -13.8636302 -40.0610639
2323101021 -13.8638348 -40.0626857
2323101022 -13.8639047 -40.0648612
2323101024 -13.8641464 -40.0588567
2323101025 -13.8641964 -40.0612169
2323101026 -13.8643623 -40.0612551
2323101027 -13.8644132 -40.0652088
2323101028 -13.8643654 -40.0627903
2323101031 -13.8645270 -40.0652695
2323101032 -13.8646806 -40.0613202
2323101033 -13.8647324 -40.0590266
2323101034 -13.8649432 -40.0602639
2323101035 -13.8649454 -40.0629046
2323101036 -13.8650805 -40.0629313
2323101037 -13.8652353 -40.0614462
2323101038 -13.8652879 -40.0614579
2323101039 -13.8653763 -40.0651177
2323101040 -13.8653882 -40.0629919
2323101041 -13.8653366 -40.0614689
2323101042 -13.8654783 -40.0615017
2323101043 -13.8655299 -40.0605419
2323101044 -13.8660036 -40.0658274
2323101045 -13.8660378 -40.0631199
2323101046 -13.8661201 -40.0616149
2323101047 -13.8666179 -40.0650661
2323101048 -13.8666982 -40.0632501
2323101049 -13.8667087 -40.0653100
2323101050 -13.8667279 -40.0596050
2323101051 -13.8667758 -40.0617491
2323101052 -13.8668149 -40.0609952
2323101053 -13.8668552 -40.0602321
2323101054 -13.8677020 -40.0635052
2323101055 -13.8677562 -40.0619056
2323101056 -13.8678754 -40.0600120
2323108823 -13.8673702 -40.0692272
2323108824 -13.8676325 -40.0650263
2323108825 -13.8677179 -40.0629487
2323108826 -13.8677991 -40.0674852
2323108827 -13.8678198 -40.0685193
2323108828 -13.8679182 -40.0669390
2323108829 -13.8680231 -40.0666433
2323108830 -13.8681030 -40.0663315
2323108831 -13.8681660 -40.0695576
2323108832 -13.8681725 -40.0673612
2323108833 -13.8681977 -40.0663559
2323108834 -13.8682537 -40.0650412
2323108835 -13.8683471 -40.0630098
2323108836 -13.8684235 -40.0690772
2323108837 -13.8684463 -40.0686518
2323108838 -13.8685676 -40.0697243
2323108839 -13.8686040 -40.0691518
2323108840 -13.8686289 -40.0664785
2323108841 -13.8686745 -40.0691518
2323108842 -13.8688149 -40.0687471
2323108843 -13.8688640 -40.0665322
2323108844 -13.8689317 -40.0681903
2323108845 -13.8689362 -40.0650791
2323108846 -13.8689815 -40.0682672
2323108847 -13.8689649 -40.0641802
2323108848 -13.8690008 -40.0635939
2323108849 -13.8690271 -40.0673271
2323108850 -13.8690308 -40.0630941
2323108851 -13.8692242 -40.0690131
2323108852 -13.8693065 -40.0690667
2323108853 -13.8693866 -40.0676650
2323108854 -13.8695054 -40.0666785
2323108855 -13.8697117 -40.0677800
2323108856 -13.8697227 -40.0651245
2323108857 -13.8697880 -40.0648931
2323108858 -13.8698959 -40.0645103
2323108859 -13.8699539 -40.0643047
2323108860 -13.8700045 -40.0641254
2323108861 -13.8700327 -40.0680224
2323108862 -13.8700765 -40.0638701
2323108863 -13.8702639 -40.0632058
2323108864 -13.8706187 -40.0647386
2323108865 -13.8707535 -40.0643328
2323108866 -13.8710084 -40.0648686
2323108867 -13.8710473 -40.0647731
2323108868 -13.8710684 -40.0670350
2323108869 -13.8712229 -40.0641938
2323108870 -13.8713162 -40.0638009
2323108871 -13.8714323 -40.0633116
2323108872 -13.8714763 -40.0648929
2323108873 -13.8716336 -40.0654569
2323108874 -13.8717150 -40.0686493
2323108875 -13.8717563 -40.0639235
2323108876 -13.8717744 -40.0649855
2323108877 -13.8717775 -40.0676615
2323108878 -13.8718131 -40.0666834
2323108879 -13.8720044 -40.0667565
2323108880 -13.8721029 -40.0652756
2323108881 -13.8722357 -40.0696911
2323108882 -13.8722467 -40.0662779
2323108883 -13.8722633 -40.0686773
2323108884 -13.8722749 -40.0640680
2323108885 -13.8722813 -40.0676828
2323108886 -13.8723230 -40.0662086
2323108887 -13.8723552 -40.0648103
2323108888 -13.8723606 -40.0659696
2323108889 -13.8723719 -40.0668381
2323108890 -13.8723862 -40.0633981
2323108891 -13.8724848 -40.0697001
2323108892 -13.8724980 -40.0660495
2323108893 -13.8726368 -40.0634045
2323108894 -13.8726380 -40.0697093
2323108895 -13.8726948 -40.0686993
2323108896 -13.8727298 -40.0659286
2323108897 -13.8727495 -40.0677026
2323108898 -13.8729410 -40.0658772
2323108899 -13.8730441 -40.0637365
2323108900 -13.8730685 -40.0697351
2323108901 -13.8730842 -40.0671442
2323108902 -13.8731057 -40.0687203
2323108903 -13.8731399 -40.0677191
2323108904 -13.8731585 -40.0658387
2323108905 -13.8732276 -40.0653762
2323108906 -13.8732443 -40.0661253
2323108907 -13.8732470 -40.0634203
2323108908 -13.8732911 -40.0666274
2323108909 -13.8734664 -40.0662159
2323108910 -13.8734773 -40.0697596
2323108911 -13.8734980 -40.0649222
2323108912 -13.8735113 -40.0640312
2323108913 -13.8735342 -40.0687422
2323108914 -13.8735697 -40.0628600
2323108916 -13.8736508 -40.0657514
2323108917 -13.8736834 -40.0646043
2323108918 -13.8737360 -40.0674244
2323108919 -13.8738041 -40.0677472
2323108920 -13.8738814 -40.0642648
2323108921 -13.8738981 -40.0697849
2323108922 -13.8739203 -40.0694505
2323108923 -13.8739570 -40.0621874
2323108924 -13.8739659 -40.0687643
2323108925 -13.8739823 -40.0677505
2323108926 -13.8740385 -40.0631556
2323108927 -13.8740789 -40.0699588
2323108928 -13.8741088 -40.0619111
2323108929 -13.8741939 -40.0677399
2323108930 -13.8742872 -40.0690248
2323108931 -13.8743235 -40.0678002
2323108932 -13.8743577 -40.0612386
2323108933 -13.8743852 -40.0665911
2323108934 -13.8744535 -40.0646258
2323108935 -13.8744753 -40.0656053
2323108936 -13.8745262 -40.0671618
2323108937 -13.8745766 -40.0651264
2323108938 -13.8745925 -40.0700131
2323108939 -13.8746155 -40.0692910
2323108940 -13.8745727 -40.0655766
2323108941 -13.8747018 -40.0655553
2323108942 -13.8747686 -40.0679562
2323108943 -13.8747918 -40.0658603
2323108944 -13.8748151 -40.0680884
2323108945 -13.8748735 -40.0617559
2323108946 -13.8749147 -40.0681584
2323108947 -13.8749236 -40.0695408
2323108948 -13.8749634 -40.0664024
2323108949 -13.8751941 -40.0676063
2323108950 -13.8753172 -40.0675202
2323108951 -13.8754438 -40.0674317
2323108952 -13.8756065 -40.0686545
2323108953 -13.8759069 -40.0652306
2323108954 -13.8759914 -40.0689188
2323108955 -13.8761739 -40.0680801
2323108956 -13.8765355 -40.0691632
2323108957 -13.8762435 -40.0650830
2323108958 -13.8762681 -40.0636411
2323108959 -13.8764224 -40.0585892
2323108960 -13.8764554 -40.0692374
2323108961 -13.8766492 -40.0683946
2323108962 -13.8766578 -40.0693643
2323108964 -13.8767423 -40.0684562
2323108965 -13.8768364 -40.0696248
2323108966 -13.8769013 -40.0692042
2323108967 -13.8769200 -40.0698977
2323108968 -13.8769590 -40.0686003
2323108969 -13.8770916 -40.0691558
2323108971 -13.8772203 -40.0571448
2323108972 -13.8772246 -40.0661862
2323108973 -13.8772733 -40.0673579
2323108974 -13.8774427 -40.0660337
2323108975 -13.8777048 -40.0692809
2323108976 -13.8777255 -40.0670246
2323108977 -13.8778151 -40.0669900
2323108978 -13.8778200 -40.0639804
2323108979 -13.8778583 -40.0669733
2323108980 -13.8779454 -40.0693151
2323108981 -13.8779873 -40.0638507
2323108982 -13.8779825 -40.0669471
2323108983 -13.8780076 -40.0623923
2323108984 -13.8780782 -40.0692639
2323108985 -13.8781030 -40.0669349
2323108986 -13.8781121 -40.0553861
2323108987 -13.8782482 -40.0690673
2323108988 -13.8782897 -40.0669605
2323108989 -13.8783521 -40.0653416
2323108990 -13.8784154 -40.0604743
2323108991 -13.8785395 -40.0656027
2323108992 -13.8786684 -40.0633222
2323108993 -13.8786875 -40.0618903
2323108994 -13.8788026 -40.0649988
2323108995 -13.8792315 -40.0672255
2323108996 -13.8793013 -40.0646192
2323108997 -13.8793090 -40.0535550
2323108998 -13.8794431 -40.0668621
2323108999 -13.8794894 -40.0644777
2323109000 -13.8795073 -40.0630227
2323109001 -13.8799585 -40.0609517
2323109002 -13.8804997 -40.0494406
2323109003 -13.8802271 -40.0655161
2323109004 -13.8803692 -40.0614352
2323109005 -13.8806950 -40.0646632
2323109006 -13.8808082 -40.0620654
2323109007 -13.8815422 -40.0631187
2323113214 -13.8683342 -40.0601088
2323113230 -13.8695454 -40.0598737
2323113252 -13.8708227 -40.0594161
2323113274 -13.8720110 -40.0740994
2323113282 -13.8721820 -40.0748296
2323113284 -13.8722774 -40.0752320
2323113286 -13.8724127 -40.0757306
2323113294 -13.8725048 -40.0757145
2323113296 -13.8725526 -40.0762463
2323113302 -13.8727101 -40.0768265
2323113310 -13.8730895 -40.0768646
2323113312 -13.8731451 -40.0763174
2323113316 -13.8732013 -40.0757649
2323113318 -13.8732245 -40.0756060
2323113330 -13.8738628 -40.0623509
2323113333 -13.8738783 -40.0634182
2323113338 -13.8739135 -40.0769473
2323113340 -13.8739718 -40.0634604
2323113348 -13.8740589 -40.0634775
2323113350 -13.8741128 -40.0634518
2323113352 -13.8741819 -40.0764426
2323113355 -13.8742171 -40.0633256
2323113366 -13.8742904 -40.0627298
2323113371 -13.8743255 -40.0656318
2323113373 -13.8743989 -40.0574760
2323113375 -13.8744352 -40.0634515
2323113377 -13.8744640 -40.0759122
2323113379 -13.8745302 -40.0629467
2323113385 -13.8746173 -40.0665154
2323113387 -13.8747109 -40.0634973
2323113389 -13.8748810 -40.0751283
2323113397 -13.8750570 -40.0770622
2323113413 -13.8753699 -40.0619305
2323113421 -13.8756671 -40.0770682
2323113423 -13.8757148 -40.0770345
2323113425 -13.8759343 -40.0640474
2323113427 -13.8759774 -40.0641221
2323113429 -13.8759922 -40.0613536
2323113431 -13.8765728 -40.0561683
2323113433 -13.8770070 -40.0575310
2323113435 -13.8770566 -40.0645143
2323113437 -13.8771165 -40.0599562
2323113439 -13.8775857 -40.0737298
2323113443 -13.8772193 -40.0598185
2323113447 -13.8773322 -40.0601656
2323113449 -13.8773903 -40.0599306
2323113451 -13.8776558 -40.0592340
2323113453 -13.8776681 -40.0553308
2323113454 -13.8779057 -40.0656813
2323113456 -13.8785890 -40.0541000
2323113457 -13.8786266 -40.0580417
2323113458 -13.8790994 -40.0709704
2323113459 -13.8792030 -40.0526300
2323113460 -13.8793499 -40.0614011
2323113461 -13.8801610 -40.0625416
2323113462 -13.8807304 -40.0675316
2323113465 -13.8814520 -40.0661900
2323113467 -13.8832415 -40.0670361
2323117495 -13.8761301 -40.0651327
2323117496 -13.8761739 -40.0643675
2323117497 -13.8762747 -40.0668506
2323117498 -13.8762901 -40.0654572
2323117499 -13.8763025 -40.0639786
2323117500 -13.8763307 -40.0668114
2323117501 -13.8763992 -40.0649741
2323117502 -13.8764078 -40.0635408
2323117503 -13.8765258 -40.0648856
2323117504 -13.8766171 -40.0666111
2323117505 -13.8766303 -40.0627137
2323117506 -13.8766702 -40.0633524
2323117507 -13.8766925 -40.0616710
2323117508 -13.8767097 -40.0647570
2323117509 -13.8767838 -40.0612394
2323117510 -13.8767943 -40.0675036
2323117511 -13.8768297 -40.0646731
2323117512 -13.8768958 -40.0625085
2323117513 -13.8769226 -40.0663974
2323117515 -13.8769451 -40.0631550
2323117516 -13.8771148 -40.0610321
2323117517 -13.8771447 -40.0611838
2323117518 -13.8772065 -40.0629398
2323117519 -13.8772200 -40.0674465
2323117520 -13.8772669 -40.0661566
2323117521 -13.8773015 -40.0687559
2323117522 -13.8773561 -40.0643049
2323117523 -13.8773899 -40.0612180
2323117524 -13.8774270 -40.0650233
2323117525 -13.8774550 -40.0677260
2323117526 -13.8774835 -40.0672030
2323117527 -13.8774975 -40.0627585
2323117528 -13.8775630 -40.0659421
2323117529 -13.8776218 -40.0689293
2323117530 -13.8776225 -40.0641186
2323117531 -13.8776302 -40.0602505
2323117532 -13.8776499 -40.0653297
2323117533 -13.8776840 -40.0602659
2323117534 -13.8776799 -40.0613660
2323117535 -13.8777387 -40.0625853
2323117536 -13.8778284 -40.0677901
2323117538 -13.8778791 -40.0639346
2323117539 -13.8779335 -40.0603370
2323117540 -13.8779487 -40.0691063
2323117541 -13.8778533 -40.0595857
2323117542 -13.8779928 -40.0615257
2323117543 -13.8780023 -40.0603566
2323117544 -13.8782739 -40.0677601
2323117545 -13.8781449 -40.0637284
2323117546 -13.8781717 -40.0596635
2323117547 -13.8782745 -40.0604341
2323117548 -13.8782927 -40.0615875
2323117549 -13.8783260 -40.0604488
2323117550 -13.8783338 -40.0635818
2323117551 -13.8783379 -40.0643445
2323117552 -13.8783941 -40.0635351
2323117553 -13.8784470 -40.0670047
2323117554 -13.8784944 -40.0597415
2323117555 -13.8785699 -40.0646712
2323117556 -13.8785785 -40.0605248
2323117557 -13.8786268 -40.0605397
2323117558 -13.8786768 -40.0657941
2323117559 -13.8786913 -40.0614893
2323117560 -13.8787653 -40.0634586
2323117561 -13.8787751 -40.0670971
2323117562 -13.8788066 -40.0598169
2323117563 -13.8788334 -40.0660123
2323117564 -13.8788667 -40.0605977
2323117565 -13.8789146 -40.0606070
2323117566 -13.8789268 -40.0661426
2323117567 -13.8789311 -40.0636921
2323117568 -13.8790180 -40.0616462
2323117569 -13.8790981 -40.0647738
2323117570 -13.8791016 -40.0663861
2323117571 -13.8791189 -40.0598924
2323117572 -13.8791270 -40.0639677
2323117573 -13.8791405 -40.0647415
2323117574 -13.8791435 -40.0598056
2323117575 -13.8791868 -40.0665048
2323117576 -13.8792376 -40.0606871
2323117577 -13.8793279 -40.0642504
2323117578 -13.8794366 -40.0629251
2323117579 -13.8794609 -40.0598816
2323117580 -13.8795185 -40.0645187
2323117581 -13.8795705 -40.0645919
2323117582 -13.8796175 -40.0607857
2323117583 -13.8796187 -40.0631765
2323117584 -13.8796463 -40.0611823
2323117585 -13.8797135 -40.0647927
2323117586 -13.8797865 -40.0599595
2323117587 -13.8798077 -40.0634376
2323117588 -13.8798318 -40.0627839
2323117589 -13.8798549 -40.0649922
2323117590 -13.8798885 -40.0650395
2323117591 -13.8800259 -40.0637391
2323117592 -13.8801135 -40.0625671
2323117593 -13.8801332 -40.0632124
2323117594 -13.8802134 -40.0639980
2323117595 -13.8804047 -40.0623623
2323117596 -13.8804277 -40.0642940
2323117597 -13.8804295 -40.0630073
2323117598 -13.8804530 -40.0623268
2323117599 -13.8805979 -40.0645291
2323117600 -13.8808988 -40.0642917
2323117601 -13.8811066 -40.0639129
2323117602 -13.8812830 -40.0635715
2323121362 -13.8642605 -40.0585410
2323121363 -13.8643210 -40.0581843
2323121364 -13.8643477 -40.0585707
2323121369 -13.8649956 -40.0591028
2323121370 -13.8650717 -40.0588179
2323121371 -13.8651712 -40.0584549
2323121372 -13.8652692 -40.0580931
2323121373 -13.8653704 -40.0577194
2323121374 -13.8654720 -40.0573444
2323121375 -13.8657500 -40.0590495
2323121376 -13.8658357 -40.0586494
2323121377 -13.8659123 -40.0583006
2323121378 -13.8659976 -40.0578935
2323121379 -13.8660777 -40.0575197
2323121391 -13.8697621 -40.0675224
2323121392 -13.8698325 -40.0671598
2323121395 -13.8700379 -40.0672323
2323121399 -13.8702022 -40.0673321
2323121402 -13.8703980 -40.0675630
2323121405 -13.8706372 -40.0669366
2323121410 -13.8708806 -40.0656494
2323137993 -13.8590035 -40.0706383
2323252068 -13.8468583 -40.0708013
2323252069 -13.8468960 -40.0708238
2323252132 -13.8500142 -40.0722955
2323255800 -13.8668295 -40.0596401
2323255801 -13.8669074 -40.0573338
2323255802 -13.8669232 -40.0568667
2323255803 -13.8669584 -40.0568002
2323255804 -13.8680017 -40.0575068
2323255805 -13.8680943 -40.0569680
2323255807 -13.8691614 -40.0545229
2323255872 -13.8790441 -40.0530106
2323255881 -13.8802643 -40.0496930
2547535472 -13.8696362 -40.1175175
2547535475 -13.8696779 -40.1161120
2547535477 -13.8691960 -40.1133196
2547535478 -13.8690856 -40.1128361
2547535480 -13.8672586 -40.1099722
2657077449 -13.8755653 -40.0735915
2657077454 -13.8752973 -40.0732801
2657077456 -13.8757268 -40.0728589
2657077457 -13.8759983 -40.0731385
2657077460 -13.8751546 -40.0761772
2657077462 -13.8804433 -40.0665502
2657080547 -13.8759747 -40.0661083
2657080548 -13.8751501 -40.0659880
2657080549 -13.8750951 -40.0665826
2657080550 -13.8758991 -40.0666887
2657080551 -13.8757547 -40.0685455
2657080552 -13.8751200 -40.0679945
2657080553 -13.8754645 -40.0675228
2657080554 -13.8761265 -40.0680739
2657080555 -13.8787285 -40.0675503
2657080556 -13.8781247 -40.0673389
2657080557 -13.8782470 -40.0670055
2657080558 -13.8788430 -40.0672047
2657080559 -13.8710926 -40.0665547
2657080560 -13.8708953 -40.0663596
2657080561 -13.8712071 -40.0660181
2657080562 -13.8714123 -40.0662091
2657080563 -13.8664440 -40.0615793
2657080564 -13.8658954 -40.0614765
2657080565 -13.8659634 -40.0607387
2657080566 -13.8664802 -40.0607247
2657080567 -13.8676412 -40.0597919
2657080568 -13.8670422 -40.0596149
2657080569 -13.8670683 -40.0585045
2657080570 -13.8676259 -40.0585832
2657080571 -13.8675114 -40.0585750
2657080572 -13.8675136 -40.0585176
2657080573 -13.8674089 -40.0585145
2657080578 -13.8685629 -40.0556156
2657080579 -13.8683181 -40.0562041
2657080580 -13.8688803 -40.0549992
2657080581 -13.8702767 -40.0525801
2657080584 -13.8556146 -40.0739612
2657080585 -13.8549458 -40.0735292
2657080586 -13.8550863 -40.0736600
2770023708 -13.8666759 -40.0732265
2770023709 -13.8658532 -40.0727848
2770023711 -13.8659115 -40.0725999
2770023712 -13.8658509 -40.0725639
2770023713 -13.8661865 -40.0718677
2770023714 -13.8671048 -40.0722422
2770023715 -13.8671164 -40.0723070
2770039989 -13.8659053 -40.0642168
2814708693 -13.8748367 -40.0690081
2814708694 -13.8751437 -40.0692552
2814708695 -13.8744934 -40.0687396
2814708696 -13.8715495 -40.0695559
2814708697 -13.8715662 -40.0695263
2814708698 -13.8715914 -40.0695039
2814708699 -13.8717420 -40.0696140
2814708700 -13.8717300 -40.0696456
2814710101 -13.8717087 -40.0696715
2814710102 -13.8716223 -40.0694912
2814710103 -13.8716556 -40.0694895
2814710104 -13.8716875 -40.0694992
2814710105 -13.8717146 -40.0695190
2814710106 -13.8717340 -40.0695469
2814710107 -13.8717435 -40.0695798
2814710108 -13.8716803 -40.0696889
2814710109 -13.8716481 -40.0696960
2814710110 -13.8716153 -40.0696919
2814710111 -13.8715856 -40.0696771
2814710112 -13.8715475 -40.0696229
2814710113 -13.8715431 -40.0695892
2814710114 -13.8718161 -40.0694265
2814710115 -13.8718968 -40.0676992
2814710116 -13.8719492 -40.0676688
2814710117 -13.8717660 -40.0678443
2814710118 -13.8718879 -40.0678517
2814710119 -13.8717727 -40.0677373
2814710120 -13.8726610 -40.0693007
2814710121 -13.8730841 -40.0693140
2814710122 -13.8727272 -40.0681221
2814710123 -13.8731256 -40.0681367
2814710124 -13.8745480 -40.0679125
2814710125 -13.8746808 -40.0679907
2814710126 -13.8742666 -40.0676764
2814710127 -13.8745243 -40.0678034
2814710128 -13.8746555 -40.0678686
2814710129 -13.8745212 -40.0679517
2814710130 -13.8742524 -40.0678213
2814710425 -13.8701408 -40.0636420
2825482727 -13.8707681 -40.0515285
2825482916 -13.8686948 -40.0553594
2825482917 -13.8740038 -40.0406080
2953992007 -13.8608470 -40.0643817
2953992010 -13.8645957 -40.0595853
2953992011 -13.8653655 -40.0605486
2953992012 -13.8664854 -40.0603121
2953992013 -13.8675098 -40.0601774
2953992014 -13.8678567 -40.0602967
2953992579 -13.8665651 -40.0586154
2953992580 -13.8663240 -40.0594879
2953992581 -13.8727389 -40.0583765
2953992582 -13.8742914 -40.0596862
2953992583 -13.8747374 -40.0601324
2953992584 -13.8747975 -40.0603158
2953992585 -13.8743621 -40.0609498
2953992586 -13.8742013 -40.0610050
2953992587 -13.8738453 -40.0609233
2953992588 -13.8734044 -40.0611190
2953992589 -13.8729317 -40.0615131
2953992590 -13.8724234 -40.0618135
2953992591 -13.8721082 -40.0618069
2953992592 -13.8717243 -40.0614336
2953992593 -13.8715398 -40.0610934
2953992594 -13.8717114 -40.0605389
2953992595 -13.8717972 -40.0601324
2953992596 -13.8718273 -40.0598582
2953992597 -13.8726079 -40.0592378
2953992598 -13.8733632 -40.0589032
2953992599 -13.8754356 -40.0643518
2953992600 -13.8743162 -40.0637885
2953992601 -13.8751012 -40.0641835
2953992602 -13.8746581 -40.0643817
2953992603 -13.8789867 -40.0676841
2953992604 -13.8784885 -40.0676969
2953992605 -13.8781423 -40.0677988
2953992606 -13.8771235 -40.0676069
2954256228 -13.8793885 -40.0534056
2954263043 -13.8806735 -40.0541379
2954263044 -13.8804625 -40.0543195
2954263045 -13.8803848 -40.0550327
2954263046 -13.8802117 -40.0557240
2954263047 -13.8798444 -40.0562553
2954263048 -13.8791732 -40.0569430
2954263049 -13.8784632 -40.0576271
2954263050 -13.8780398 -40.0580636
2954263051 -13.8769301 -40.0594500
2954263052 -13.8760893 -40.0604980
2954263053 -13.8768013 -40.0603480
2954263054 -13.8764181 -40.0600883
2954263055 -13.8762792 -40.0602540
2954263056 -13.8755442 -40.0596929
2954263057 -13.8774125 -40.0577765
2954263058 -13.8768771 -40.0587587
2954263059 -13.8764618 -40.0585179
2954263060 -13.8772587 -40.0590333
2954272747 -13.8777034 -40.0561920
2954272751 -13.8755526 -40.0567820
2954272752 -13.8773795 -40.0568308
2954272754 -13.8775616 -40.0564716
2954272756 -13.8778562 -40.0558908
2954272758 -13.8779987 -40.0556097
2954272795 -13.8805642 -40.0505619
2954272796 -13.8800466 -40.0521514
2954272820 -13.8793781 -40.0523650
2954607119 -13.8797089 -40.0512883
2954607130 -13.8713940 -40.0500914
2954607131 -13.8719147 -40.0429809
2954607349 -13.8629198 -40.0586679
2971530439 -13.8672943 -40.0704430
2971530440 -13.8677240 -40.0624554
2971530441 -13.8679393 -40.0585492
2971530442 -13.8678459 -40.0605248
2971530444 -13.8676941 -40.0638823
2971530446 -13.8695924 -40.0760139
2971530448 -13.8770762 -40.0687934
2971530449 -13.8770476 -40.0686888
3021640843 -13.8674270 -40.0657663
3021649736 -13.8677266 -40.0599508
3021649737 -13.8678966 -40.0595843
3021652238 -13.8676201 -40.0618871
3021653834 -13.8675817 -40.0601536
3021655933 -13.8675304 -40.0634618
3070602307 -13.8677821 -40.1371941
3070602308 -13.8677404 -40.1389537
3070602309 -13.8677730 -40.1414420
3070602310 -13.8677925 -40.1351665
3070602311 -13.8673446 -40.1314757
3070602312 -13.8671571 -40.1294801
3070602313 -13.8674383 -40.1264010
3070602314 -13.8677925 -40.1244161
3070602315 -13.8692404 -40.1195452
3070602316 -13.8663447 -40.1090095
3070602317 -13.8645323 -40.1054476
3070602318 -13.8647510 -40.0898478
3070602319 -13.8645739 -40.0833998
3070602320 -13.8649073 -40.0814471
3070602321 -13.8667822 -40.0785396
3070602322 -13.8750941 -40.0781641
3070602323 -13.8722089 -40.0780246
3070602324 -13.8785104 -40.0775097
3070602325 -13.8797187 -40.0769839
3070602326 -13.8822288 -40.0750206
3070602327 -13.8853013 -40.0714908
3070602328 -13.8868428 -40.0688515
3070602329 -13.8824892 -40.0567923
3070602330 -13.8831662 -40.0547216
3070602331 -13.8848535 -40.0538955
3070602332 -13.8873323 -40.0548182
3070603433 -13.8882905 -40.0560949
3070603434 -13.8906443 -40.0584553
3070603435 -13.8917171 -40.0596462
3070603436 -13.8924461 -40.0603435
3070603437 -13.8943104 -40.0613950
3070603438 -13.8938001 -40.0612662
3070603439 -13.8965913 -40.0602899
3070603440 -13.8985597 -40.0580690
3070603441 -13.8991325 -40.0555692
3070603442 -13.8974036 -40.0536809
3070603443 -13.8949770 -40.0516532
3070603444 -13.8944484 -40.0508539
3070603445 -13.8944796 -40.0464819
3070603446 -13.8942922 -40.0477479
3070603447 -13.8974166 -40.0422333
3070603448 -13.9062690 -40.0369117
3070603449 -13.9079978 -40.0371478
3071849798 -13.8666566 -40.1309124
3071849799 -13.8677191 -40.1307836
3071849800 -13.8677399 -40.1281014
3071849801 -13.8669483 -40.1272646
3071849802 -13.8672191 -40.1251188
3071849803 -13.8680732 -40.1261488
3071849804 -13.8683232 -40.1240888
3071849805 -13.8675733 -40.1234880
3071849806 -13.8689690 -40.1218572
3071849807 -13.8680524 -40.1212350
3071849808 -13.8693232 -40.1203337
3071849809 -13.8685524 -40.1197115
3071849810 -13.8699065 -40.1180592
3071849811 -13.8689274 -40.1175228
3071849812 -13.8691565 -40.1158276
3071849813 -13.8700523 -40.1158920
3071849814 -13.8700472 -40.1148564
3071849815 -13.8688753 -40.1136497
3071849816 -13.8692086 -40.1120511
3071849817 -13.8683649 -40.1118794
3071849818 -13.8682399 -40.1105490
3071849819 -13.8689065 -40.1112893
3071849820 -13.8673129 -40.1102916
3071849821 -13.8675733 -40.1097980
3071849822 -13.8661046 -40.1089719
3071849823 -13.8669171 -40.1091972
3071849824 -13.8659275 -40.1080492
3071849825 -13.8651880 -40.1081243
3071849826 -13.8654067 -40.1063970
3071849827 -13.8645526 -40.1068905
3071849828 -13.8641255 -40.1054314
3071849829 -13.8653130 -40.1056889
3071849830 -13.8649171 -40.1045731
3071849831 -13.8638963 -40.1035753
3071849832 -13.8647088 -40.1033822
3071853133 -13.8639276 -40.1024595
3071853134 -13.8646567 -40.1020840
3071853135 -13.8638312 -40.1014751
3071853136 -13.8645760 -40.1012606
3071853137 -13.8640239 -40.1008046
3071853138 -13.8643833 -40.1004774
3071853139 -13.8641229 -40.1001233
3071853140 -13.8643208 -40.1001877
3071853141 -13.8643755 -40.0997934
3071853142 -13.8639641 -40.0997397
3071853143 -13.8645526 -40.0987983
3071853144 -13.8638599 -40.0989083
3071853145 -13.8645734 -40.0979239
3071853146 -13.8638078 -40.0979024
3071853147 -13.8637401 -40.0967920
3071853148 -13.8644901 -40.0972533
3071853149 -13.8643651 -40.0966150
3071853150 -13.8637453 -40.0958747
3071853151 -13.8642088 -40.0961697
3071853152 -13.8642062 -40.0956950
3071853153 -13.8638312 -40.0953946
3071853154 -13.8641697 -40.0947777
3071853155 -13.8644458 -40.0950352
3071853156 -13.8643781 -40.0939435
3071853157 -13.8646333 -40.0946033
3071853158 -13.8643052 -40.0945121
3071853159 -13.8647349 -40.0942171
3071853160 -13.8646919 -40.0940186
3071853161 -13.8646242 -40.0931804
3071853162 -13.8643299 -40.0935103
3071853163 -13.8643429 -40.0929390
3071853164 -13.8647101 -40.0927191
3071853165 -13.8642883 -40.0924508
3071853166 -13.8647648 -40.0921102
3071853167 -13.8642440 -40.0919359
3071853168 -13.8648013 -40.0914665
3071853169 -13.8641763 -40.0914557
3071853170 -13.8641555 -40.0909703
3071853171 -13.8643872 -40.0905089
3071853172 -13.8649002 -40.0908549
3071853173 -13.8649263 -40.0903239
3071853174 -13.8644758 -40.0901415
3071853175 -13.8648976 -40.0898169
3071853176 -13.8645383 -40.0897177
3071853177 -13.8648716 -40.0892188
3071853178 -13.8644966 -40.0891571
3071853179 -13.8644992 -40.0887065
3071853180 -13.8647752 -40.0887360
3071853181 -13.8645734 -40.0882988
3071853182 -13.8642713 -40.0866734
3071853183 -13.8646359 -40.0877945
3071853184 -13.8640682 -40.0872474
3071853185 -13.8642401 -40.0877623
3071853186 -13.8640682 -40.0874137
3071853187 -13.8647765 -40.0871776
3071853188 -13.8646880 -40.0867377
3071853189 -13.8641620 -40.0864642
3071853190 -13.8646411 -40.0859331
3071853191 -13.8646333 -40.0844149
3071853192 -13.8643286 -40.0856166
3071853193 -13.8648078 -40.0850050
3071853194 -13.8644328 -40.0848656
3071853195 -13.8641880 -40.0838302
3071853196 -13.8648078 -40.0844149
3071853197 -13.8649640 -40.0836317
3071853198 -13.8647401 -40.0833206
3071853199 -13.8641151 -40.0825857
3071853200 -13.8643130 -40.0816684
3071853201 -13.8646672 -40.0823121
3071853202 -13.8646047 -40.0828003
3071853203 -13.8652244 -40.0814055
3071853204 -13.8646307 -40.0811051
3071853205 -13.8649432 -40.0805633
3071853206 -13.8655161 -40.0807403
3071853207 -13.8655369 -40.0795548
3071853208 -13.8657921 -40.0801931
3071853209 -13.8662921 -40.0794850
3071853210 -13.8660890 -40.0788842
3071853211 -13.8669118 -40.0787555
3071853212 -13.8665837 -40.0782190
3071853213 -13.8677816 -40.0782888
3071853214 -13.8676149 -40.0777416
3071853215 -13.8684274 -40.0780581
3071853216 -13.8684586 -40.0776558
3071853217 -13.8691513 -40.0780045
3071853218 -13.8689846 -40.0776933
3071853219 -13.8697502 -40.0777148
3071853220 -13.8700575 -40.0780527
3071853221 -13.8704168 -40.0777309
3071853222 -13.8709376 -40.0781171
3071853223 -13.8711720 -40.0778221
3071853224 -13.8715678 -40.0781118
3071853225 -13.8717865 -40.0778382
3071853226 -13.8726407 -40.0781815
3071853227 -13.8725834 -40.0779133
3071853228 -13.8735729 -40.0778113
3071853229 -13.8732864 -40.0783210
3071853230 -13.8740364 -40.0779884
3071853231 -13.8740520 -40.0784712
3071853232 -13.8747759 -40.0779616
3071853233 -13.8746457 -40.0785409
3071853234 -13.8752029 -40.0784014
3071853235 -13.8754165 -40.0777202
3071853236 -13.8754387 -40.0783666
3071853237 -13.8757552 -40.0782941
3071853238 -13.8760675 -40.0775646
3071853239 -13.8763396 -40.0781027
3071853240 -13.8767809 -40.0779347
3071853241 -13.8766716 -40.0775646
3071853242 -13.8775204 -40.0775270
3071853243 -13.8775204 -40.0779776
3071853244 -13.8782964 -40.0781118
3071853245 -13.8781610 -40.0773715
3071853246 -13.8787182 -40.0771783
3071853247 -13.8785412 -40.0777470
3071853248 -13.8790203 -40.0774680
3071853249 -13.8794682 -40.0767331
3071853250 -13.8796504 -40.0772052
3071853251 -13.8805670 -40.0766151
3071853252 -13.8799837 -40.0763200
3071853253 -13.8805201 -40.0758802
3071853254 -13.8811919 -40.0762074
3071853255 -13.8811190 -40.0755368
3071853256 -13.8818533 -40.0760894
3071853257 -13.8821241 -40.0754242
3071853258 -13.8816606 -40.0750970
3071853259 -13.8828636 -40.0747161
3071853260 -13.8822595 -40.0743191
3071853261 -13.8827543 -40.0736110
3071853262 -13.8835510 -40.0741260
3071853263 -13.8834208 -40.0728171
3071853264 -13.8840458 -40.0735520
3071853265 -13.8839885 -40.0721251
3071853266 -13.8847540 -40.0727205
3071853267 -13.8852748 -40.0721519
3071853268 -13.8849519 -40.0713365
3071853269 -13.8858008 -40.0712453
3071853270 -13.8855820 -40.0701349
3071853271 -13.8863944 -40.0704085
3071853272 -13.8860507 -40.0693034
3071853273 -13.8867902 -40.0697647
3071853274 -13.8865923 -40.0685738
3071853275 -13.8871652 -40.0690030
3071853276 -13.8873474 -40.0681339
3071853277 -13.8865194 -40.0676941
3071853278 -13.8872485 -40.0669377
3071853279 -13.8864257 -40.0667392
3071853280 -13.8870558 -40.0659989
3071853281 -13.8861132 -40.0656019
3071853282 -13.8868267 -40.0649636
3071853283 -13.8860351 -40.0646363
3071853284 -13.8864934 -40.0637834
3071853285 -13.8855977 -40.0634562
3071853286 -13.8861497 -40.0628875
3071853287 -13.8852227 -40.0625979
3071853288 -13.8858060 -40.0621204
3071893250 -13.9034280 -40.0374924
3072166599 -13.8672607 -40.1327435
3072166600 -13.8681356 -40.1322821
3072166601 -13.8681877 -40.1340417
3072166602 -13.8672398 -40.1344172
3072166603 -13.8681565 -40.1358763
3072166604 -13.8673128 -40.1361016
3072166605 -13.8681252 -40.1377539
3072166606 -13.8674794 -40.1376680
3072166607 -13.8674065 -40.1390735
3072166608 -13.8681981 -40.1393203
3072166609 -13.8674065 -40.1409725
3072166610 -13.8681461 -40.1407794
3072166611 -13.8682396 -40.1432570
3072166612 -13.8674169 -40.1419381
3072166613 -13.8674896 -40.1435597
3072166614 -13.8683062 -40.1450151
3072166615 -13.8674446 -40.1450372
3072166616 -13.8685732 -40.1465623
3072166617 -13.8675201 -40.1469018
3072166618 -13.8675232 -40.1480543
3072166619 -13.8685200 -40.1479495
3072166620 -13.8674581 -40.1490116
3072166621 -13.8684254 -40.1494871
3072166622 -13.8675166 -40.1497578
3072166623 -13.8682960 -40.1512455
3072166624 -13.8674815 -40.1518372
3072166625 -13.8680241 -40.1523195
3072166626 -13.8678141 -40.1532249
3072166627 -13.8672018 -40.1540421
3072166628 -13.8677679 -40.1538359
3072166629 -13.8669378 -40.1545230
3072166630 -13.8682620 -40.1553147
3072166631 -13.8667188 -40.1548513
3072166632 -13.8680843 -40.1559355
3072169333 -13.8666012 -40.1563540
3072169334 -13.8679487 -40.1568105
3072169336 -13.8675636 -40.1577824
3072169337 -13.8663413 -40.1578483
3072169339 -13.8665414 -40.1609218
3072169340 -13.8661158 -40.1590448
3072169341 -13.8658130 -40.1600637
3072169342 -13.8653541 -40.1621206
3072169343 -13.8662704 -40.1619391
3072169347 -13.8659882 -40.1635390
3072169349 -13.8657472 -40.1649728
3072169350 -13.8649754 -40.1650111
3072169357 -13.8659099 -40.1676701
3072169358 -13.8648484 -40.1665011
3072169360 -13.8658642 -40.1695836
3072169362 -13.8671078 -40.1699259
3072169364 -13.8678200 -40.1718730
3072169365 -13.8664826 -40.1709829
3072169366 -13.8680858 -40.1724785
3072169367 -13.8671354 -40.1721513
3072169368 -13.8687355 -40.1736825
3072169371 -13.8690730 -40.1749979
3072169372 -13.8681395 -40.1747249
3072169373 -13.8694761 -40.1764366
3072169374 -13.8685104 -40.1761024
3072169375 -13.8699459 -40.1776092
3072169376 -13.8702536 -40.1785280
3072169377 -13.8687942 -40.1772446
3072169378 -13.8689235 -40.1782976
3072169379 -13.8702521 -40.1788962
3072169380 -13.8701044 -40.1799782
3072169382 -13.8690977 -40.1799948
3072169384 -13.8694259 -40.1813893
3072169385 -13.8704087 -40.1818730
3072169386 -13.8700483 -40.1834884
3072169387 -13.8707714 -40.1840419
3072169388 -13.8700122 -40.1846325
3072169389 -13.8708334 -40.1852459
3072169390 -13.8703259 -40.1861347
3072169391 -13.8714418 -40.1861066
3072169392 -13.8712223 -40.1879811
3072169393 -13.8733189 -40.1897872
3072169394 -13.8727354 -40.1903002
3072169395 -13.8739191 -40.1910636
3072169396 -13.8741462 -40.1916799
3072169397 -13.8742831 -40.1910325
3072169398 -13.8745184 -40.1918473
3072169399 -13.8740647 -40.1921660
3072169400 -13.8747029 -40.1927579
3072169401 -13.8738227 -40.1934508
3072169402 -13.8745753 -40.1944843
3072169403 -13.8739169 -40.1937458
3072169404 -13.8745532 -40.1960539
3072169405 -13.8738836 -40.1947124
3072169406 -13.8736535 -40.1959260
3072169407 -13.8743569 -40.1973856
3072169408 -13.8735987 -40.1968541
3072169409 -13.8743487 -40.1987071
3072169410 -13.8735670 -40.1980574
3072169411 -13.8734685 -40.1991852
3072169412 -13.8741895 -40.2007509
3072169413 -13.8733760 -40.2001140
3072169414 -13.8732992 -40.2010879
3072169415 -13.8739846 -40.2024993
3072169416 -13.8731738 -40.2020794
3072169417 -13.8731525 -40.2031469
3072169418 -13.8739828 -40.2034704
3072169419 -13.8730589 -40.2039579
3072169420 -13.8736938 -40.2050285
3072169421 -13.8728703 -40.2054457
3072169422 -13.8734662 -40.2065810
3072169423 -13.8725201 -40.2073547
3072169424 -13.8725332 -40.2079277
3072169425 -13.8731761 -40.2080152
3072169426 -13.8723085 -40.2081560
3072169427 -13.8729487 -40.2094085
3072169428 -13.8721316 -40.2090601
3072169429 -13.8725748 -40.2105405
3072169430 -13.8719415 -40.2103070
3072169431 -13.8723446 -40.2116226
3072169432 -13.8714994 -40.2120483
3072169433 -13.8720844 -40.2129795
3072169434 -13.8710201 -40.2138147
3072169435 -13.8715696 -40.2141070
3072169436 -13.8708552 -40.2145155
3072169437 -13.8712733 -40.2155448
3072169438 -13.8704776 -40.2163950
3072169439 -13.8705182 -40.2173422
3072169440 -13.8709732 -40.2186994
3072169441 -13.8701577 -40.2186847
3072169442 -13.8708694 -40.2201644
3072169443 -13.8699121 -40.2203020
3072169444 -13.8707841 -40.2217911
3072169445 -13.8698973 -40.2222964
3072169446 -13.8705331 -40.2241037
3072169447 -13.8697943 -40.2244033
3072169448 -13.8696225 -40.2248342
3072169449 -13.8703704 -40.2258321
3072169450 -13.8695105 -40.2259261
3072169451 -13.8698661 -40.2265427
3072169452 -13.8693673 -40.2271304
3072169453 -13.8697129 -40.2292866
3072169454 -13.8692154 -40.2281922
3072169455 -13.8692769 -40.2297977
3072169456 -13.8702871 -40.2295896
3072169457 -13.8691044 -40.2316505
3072169458 -13.8702813 -40.2309794
3072169459 -13.8693886 -40.2321920
3072169460 -13.8696049 -40.2321732
3072169461 -13.8693052 -40.2330857
3072169462 -13.8696564 -40.2332003
3072169463 -13.8682454 -40.2336019
3072169464 -13.8692710 -40.2340620
3072169485 -13.8842930 -40.0722033
3072169486 -13.8827958 -40.0739173
3072190408 -13.8838686 -40.0603292
3072190409 -13.8850664 -40.0606940
3072190410 -13.8842644 -40.0594924
3072190411 -13.8827750 -40.0589559
3072190412 -13.8834936 -40.0584195
3072190413 -13.8820980 -40.0571642
3072190414 -13.8830770 -40.0574217
3072190415 -13.8831604 -40.0560162
3072190416 -13.8822750 -40.0555441
3072190417 -13.8830874 -40.0544391
3072190418 -13.8836186 -40.0549433
3072190419 -13.8846393 -40.0544176
3072190420 -13.8840769 -40.0537202
3072190421 -13.8855351 -40.0534520
3072190422 -13.8856913 -40.0543103
3072190423 -13.8866495 -40.0540421
3072190424 -13.8868057 -40.0548360
3072190425 -13.8875035 -40.0548253
3072190426 -13.8882743 -40.0565205
3072190427 -13.8880347 -40.0553510
3072201421 -13.8890867 -40.0564561
3072201422 -13.8889929 -40.0571749
3072201423 -13.8896334 -40.0568423
3072201424 -13.8898730 -40.0578508
3072201425 -13.8905500 -40.0577221
3072201426 -13.8913728 -40.0596318
3072201427 -13.8913415 -40.0585697
3072201428 -13.8924768 -40.0597713
3072201429 -13.8921747 -40.0602219
3072201430 -13.8934454 -40.0605652
3072201431 -13.8929871 -40.0609515
3072201432 -13.8939140 -40.0615308
3072205733 -13.8943410 -40.0609086
3072205734 -13.8946535 -40.0616489
3072205735 -13.8955596 -40.0603292
3072205736 -13.8955283 -40.0612626
3072205737 -13.8965594 -40.0606833
3072205738 -13.8966427 -40.0597820
3072205739 -13.8972468 -40.0601575
3072205740 -13.8976009 -40.0587413
3072205741 -13.8980279 -40.0595460
3072205742 -13.8982987 -40.0577865
3072205743 -13.8984236 -40.0588486
3072205744 -13.8992047 -40.0573037
3072205745 -13.8985903 -40.0567565
3072205746 -13.8993193 -40.0562844
3072205747 -13.8985382 -40.0555334
3072205748 -13.8992568 -40.0552867
3072205749 -13.8977779 -40.0546429
3072205750 -13.8987777 -40.0545249
3072205751 -13.8980383 -40.0538704
3072205752 -13.8971010 -40.0538490
3072205753 -13.8973613 -40.0533233
3072205754 -13.8964917 -40.0534306
3072205755 -13.8965229 -40.0526152
3072205756 -13.8955960 -40.0527332
3072205757 -13.8955544 -40.0517676
3072205758 -13.8948878 -40.0519285
3072205759 -13.8948566 -40.0507162
3072205760 -13.8940650 -40.0507484
3072205761 -13.8937213 -40.0493643
3072205762 -13.8948045 -40.0494073
3072205763 -13.8952523 -40.0481305
3072205764 -13.8937318 -40.0482378
3072205765 -13.8938672 -40.0467572
3072205766 -13.8943358 -40.0454912
3072205767 -13.8949920 -40.0434420
3072205768 -13.8957835 -40.0418863
3072205769 -13.8962522 -40.0466178
3072205770 -13.8969187 -40.0448690
3072205771 -13.8974915 -40.0436566
3072205772 -13.8980227 -40.0430129
3072205773 -13.8970333 -40.0415108
3072205774 -13.8985538 -40.0408564
3072205775 -13.8990641 -40.0424872
3072205776 -13.9005951 -40.0423691
3072205777 -13.9011575 -40.0415323
3072205778 -13.8995016 -40.0396440
3072205779 -13.9007409 -40.0388608
3072205780 -13.9021677 -40.0405989
3072205781 -13.9032404 -40.0397728
3072205782 -13.9016366 -40.0380454
3072205783 -13.9023968 -40.0373802
3072205784 -13.9039278 -40.0388286
3072205785 -13.9045318 -40.0379703
3072205786 -13.9035112 -40.0368009
3072205787 -13.9048755 -40.0364790
3072205788 -13.9054274 -40.0376055
3072205789 -13.9062085 -40.0374017
3072205790 -13.9059482 -40.0365756
3072205791 -13.9070417 -40.0373695
3072205792 -13.9070000 -40.0365863
3072205793 -13.9081039 -40.0367043
3072205794 -13.9080727 -40.0374339
3072205795 -13.9090568 -40.0367419
3072205796 -13.9088694 -40.0373641
3072205797 -13.9093432 -40.0372193
3072205798 -13.9096817 -40.0366346
3072205799 -13.9103482 -40.0371013
3072205800 -13.9103586 -40.0361089
3072205801 -13.9111918 -40.0357280
3072205802 -13.9111657 -40.0368384
3072205803 -13.9116448 -40.0365326
3072205804 -13.9117437 -40.0361250
3072205805 -13.9118062 -40.0354383
3072205806 -13.9120926 -40.0358353
3072205807 -13.9123738 -40.0354115
3072205808 -13.9126185 -40.0357280
3072205809 -13.9128840 -40.0353632
3072205810 -13.9132329 -40.0356207
3072205811 -13.9134204 -40.0351915
3072205812 -13.9137484 -40.0355456
3072205813 -13.9140348 -40.0350521
3072205814 -13.9144149 -40.0353364
3072205815 -13.9146492 -40.0350145
3072205816 -13.9149252 -40.0353257
3072205817 -13.9151283 -40.0349770
3072205818 -13.9153678 -40.0354276
3072205819 -13.9157323 -40.0351862
3072205820 -13.9158078 -40.0347195
3072205821 -13.9161254 -40.0350896
3072205822 -13.9164795 -40.0347838
3072205823 -13.9164014 -40.0343762
3072205824 -13.9169169 -40.0345478
3072205825 -13.9170054 -40.0340006
3072205826 -13.9173490 -40.0342367
3072205827 -13.9173334 -40.0334052
3072205828 -13.9177656 -40.0339363
3072205829 -13.9177187 -40.0329707
3072205830 -13.9183227 -40.0336895
3072205831 -13.9188174 -40.0332764
3072205832 -13.9181197 -40.0324020
3072205833 -13.9188174 -40.0316778
3072205834 -13.9192287 -40.0326542
3072205835 -13.9197755 -40.0321982
3072205836 -13.9196088 -40.0311897
3072205837 -13.9204471 -40.0316457
3072205838 -13.9202441 -40.0307337
3072205839 -13.9211292 -40.0308517
3072205840 -13.9208845 -40.0302187
3072205841 -13.9215406 -40.0302026
3072205842 -13.9213167 -40.0296877
3072205843 -13.9218322 -40.0297037
3072205844 -13.9216708 -40.0291619
3072205845 -13.9223164 -40.0288562
3072205846 -13.9219988 -40.0285879
3072205847 -13.9227902 -40.0280622
3072205848 -13.9223789 -40.0280676
3072205849 -13.9233474 -40.0272522
3072205850 -13.9230922 -40.0269625
3072205851 -13.9238628 -40.0265817
3072205852 -13.9234515 -40.0263295
3072205853 -13.9243887 -40.0259647
3072205854 -13.9238680 -40.0257609
3072205855 -13.9245553 -40.0249240
3072205856 -13.9248938 -40.0254712
3072205857 -13.9253728 -40.0247524
3072205858 -13.9250239 -40.0242481
3072205859 -13.9258883 -40.0239316
3072205860 -13.9258414 -40.0244895
3072205861 -13.9265495 -40.0244842
3072205863 -13.9273357 -40.0245271
3072205866 -13.9280647 -40.0248060
3072205868 -13.9286114 -40.0249938
3072205870 -13.9295330 -40.0251440
3072205872 -13.9302567 -40.0254015
3072205874 -13.9308763 -40.0257341
3072205876 -13.9318343 -40.0260077
3072205878 -13.9327194 -40.0261525
3072205880 -13.9334119 -40.0262973
3072205882 -13.9342033 -40.0265548
3072205884 -13.9349530 -40.0264797
3072205886 -13.9357288 -40.0264636
3072205888 -13.9364577 -40.0263617
3072205890 -13.9371814 -40.0262330
3072205892 -13.9378687 -40.0260774
3072215214 -13.9382852 -40.0258521
3072215215 -13.9388371 -40.0255731
3072215217 -13.9393317 -40.0254229
3072215219 -13.9398888 -40.0250689
3072215221 -13.9407635 -40.0246397
3072215223 -13.9415080 -40.0243715
3072215225 -13.9420338 -40.0244252
3072215227 -13.9425388 -40.0242589
3072215229 -13.9431167 -40.0245485
3072215230 -13.9435801 -40.0247309
3072215232 -13.9440279 -40.0249562
3072215734 -13.9445277 -40.0252459
3072215736 -13.9452696 -40.0257099
3072215738 -13.9457121 -40.0261337
3072215740 -13.9464930 -40.0262571
3072215742 -13.9470345 -40.0264770
3072215744 -13.9476384 -40.0266433
3072215746 -13.9481851 -40.0267828
3072215748 -13.9488098 -40.0267721
3072215750 -13.9493669 -40.0269706
3072215752 -13.9499083 -40.0271154
3072215754 -13.9505018 -40.0275768
3072215757 -13.9510849 -40.0277377
3072215758 -13.9516212 -40.0277967
3072215760 -13.9522199 -40.0278074
3072215763 -13.9528056 -40.0279576
3072215764 -13.9532481 -40.0279523
3072215766 -13.9537791 -40.0280327
3072215768 -13.9543310 -40.0281829
3072215771 -13.9548724 -40.0283653
3072215773 -13.9554086 -40.0286496
3072215775 -13.9559032 -40.0288481
3072215777 -13.9565071 -40.0290412
3072215779 -13.9572464 -40.0292344
3072215781 -13.9577826 -40.0294060
3072215783 -13.9583084 -40.0295616
3072215786 -13.9587901 -40.0300630
3072215787 -13.9723956 -40.0325011
3123083874 -13.8590296 -40.0729097
3123083890 -13.8602518 -40.0676126
3123083893 -13.8603981 -40.0673751
3123083899 -13.8611370 -40.0759455
3123083926 -13.8646253 -40.0772577
3123083928 -13.8676678 -40.0601564
3123084029 -13.8677075 -40.0605534
3123084031 -13.8677441 -40.0602017
3123084032 -13.8677650 -40.0603808
3123084033 -13.8677730 -40.0603438
3123084034 -13.8677801 -40.0602878
3123084042 -13.8714884 -40.0473294
3123084044 -13.8715759 -40.0496004
3123084046 -13.8716406 -40.0493265
3123084048 -13.8716579 -40.0488499
3123084060 -13.8736949 -40.0755311
3123084066 -13.8742851 -40.0614608
3123084070 -13.8748144 -40.0616521
3123084071 -13.8748565 -40.0634429
3123084072 -13.8748651 -40.0616774
3123084073 -13.8748782 -40.0617144
3123084076 -13.8755455 -40.0629856
3123084079 -13.8758946 -40.0627427
3123084080 -13.8759652 -40.0613786
3123084081 -13.8760018 -40.0765353
3123084084 -13.8763357 -40.0618333
3123084085 -13.8765155 -40.0622964
3123084086 -13.8765466 -40.0620960
3123084087 -13.8765662 -40.0621887
3123084088 -13.8766337 -40.0766148
3123084089 -13.8767202 -40.0752379
3123084090 -13.8770053 -40.0766615
3123084091 -13.8771882 -40.0766788
3123084092 -13.8772128 -40.0755226
3123084093 -13.8775568 -40.0767136
3123084094 -13.8776927 -40.0758001
3123084095 -13.8780589 -40.0739917
3123084096 -13.8778659 -40.0766233
3123084097 -13.8779949 -40.0765856
3123084098 -13.8781478 -40.0760632
3123084099 -13.8785268 -40.0742507
3123084101 -13.8789922 -40.0744717
3123084102 -13.8788287 -40.0762504
3123084103 -13.8793967 -40.0759246
3123084104 -13.8796465 -40.0758046
3123084105 -13.8800478 -40.0756659
3183222252 -13.8662542 -40.0757367
3183222253 -13.8669438 -40.0760010
3183222254 -13.8670927 -40.0745511
3183222255 -13.8721913 -40.0740898
3183222256 -13.8737521 -40.0758206
3183257681 -13.8735758 -40.0677375
3183257682 -13.8713913 -40.0677001
3183257683 -13.8691240 -40.0665909
3183257684 -13.8683004 -40.0641843
3183257685 -13.8687349 -40.0630529
3183257686 -13.8698972 -40.0597829
3183286995 -13.8696004 -40.0631571
3183286996 -13.8715273 -40.0647128
3183286997 -13.8718528 -40.0639591
3183286998 -13.8785033 -40.0657025
3183286999 -13.8788105 -40.0715283
3183287000 -13.8779304 -40.0589112
3241022014 -13.8718512 -40.0686563
3806761279 -13.8650800 -40.0763749
3806761281 -13.8623007 -40.0763747
3806761285 -13.8584228 -40.0749850
3806761298 -13.8601486 -40.0687988
3806761312 -13.8674941 -40.0644319
3806761313 -13.8671547 -40.0652694
3806761314 -13.8668389 -40.0651149
3806761315 -13.8674795 -40.0646713
3806761316 -13.8674033 -40.0648019
3806761317 -13.8672889 -40.0650173
3806761318 -13.8676163 -40.0652862
3806761319 -13.8675296 -40.0654076
3806761320 -13.8674823 -40.0654483
3806761321 -13.8674112 -40.0654605
3806761322 -13.8673598 -40.0654570
3806761323 -13.8672518 -40.0651631
3806761324 -13.8672555 -40.0653346
3806761325 -13.8671626 -40.0651027
3806761326 -13.8670718 -40.0651230
3806761327 -13.8669690 -40.0651416
3806761328 -13.8676231 -40.0651762
3806761329 -13.8675869 -40.0650966
3806761330 -13.8675316 -40.0650458
3806761331 -13.8674764 -40.0650092
3806761332 -13.8673797 -40.0650011
3806761345 -13.8613730 -40.0594879
3806761359 -13.8677441 -40.0574618
3806761360 -13.8677465 -40.0569166
3806778160 -13.8657034 -40.0773548
3806778161 -13.8656924 -40.0773167
3806778162 -13.8656609 -40.0772394
3806778163 -13.8656056 -40.0771744
3806778164 -13.8655460 -40.0771364
3806778165 -13.8675396 -40.0754709
3806778166 -13.8671370 -40.0758816
3806778167 -13.8665647 -40.0764954
3806778168 -13.8666042 -40.0765402
3806778169 -13.8674488 -40.0761702
3806778170 -13.8675830 -40.0760360
3806778171 -13.8678041 -40.0756701
3806778172 -13.8679067 -40.0761173
3806778173 -13.8680567 -40.0758206
3806778174 -13.8686211 -40.0761499
3806778175 -13.8719628 -40.0753194
3806778176 -13.8718336 -40.0748184
3806778177 -13.8790034 -40.0711559
3806778178 -13.8799192 -40.0725096
3806778179 -13.8799917 -40.0693124
3806778180 -13.8800630 -40.0690719
3806778181 -13.8803278 -40.0683380
3806778182 -13.8801872 -40.0686599
3806778183 -13.8686444 -40.0745981
3806778184 -13.8672293 -40.0728633
3806778185 -13.8672867 -40.0722874
3806778186 -13.8674387 -40.0705465
3806778187 -13.8671416 -40.0732681
3806778188 -13.8750469 -40.0727767
3806778189 -13.8756062 -40.0726096
3806778190 -13.8716709 -40.0740620
3806778191 -13.8678629 -40.0702861
3806778192 -13.8682162 -40.0709284
3806778193 -13.8684465 -40.0711555
3806778194 -13.8689958 -40.0696869
3806778195 -13.8695594 -40.0699304
3806778196 -13.8707551 -40.0699571
3806778197 -13.8702590 -40.0725994
3806778198 -13.8707914 -40.0719605
3806778199 -13.8709987 -40.0719928
3806778200 -13.8719203 -40.0712787
3806778201 -13.8712493 -40.0716243
3806778202 -13.8767581 -40.0715938
3806778203 -13.8760868 -40.0693173
3806778204 -13.8759961 -40.0691118
3806778205 -13.8759078 -40.0690170
3806778206 -13.8759543 -40.0687770
3806778207 -13.8763583 -40.0682021
3806778208 -13.8748715 -40.0682180
3806778209 -13.8755394 -40.0687416
3806778210 -13.8745859 -40.0687107
3806778211 -13.8748820 -40.0682978
3806778212 -13.8754832 -40.0687477
3806778213 -13.8751482 -40.0691759
3806778214 -13.8704700 -40.0697275
3806778215 -13.8706166 -40.0694871
3806778216 -13.8698957 -40.0692653
3806778217 -13.8689414 -40.0694738
3806778218 -13.8683059 -40.0691054
3806778219 -13.8678677 -40.0689233
3806778220 -13.8681312 -40.0674967
3806778221 -13.8685736 -40.0676323
3806778222 -13.8705906 -40.0673943
3806778223 -13.8763048 -40.0681667
3806778224 -13.8766049 -40.0676416
3806778225 -13.8720015 -40.0655834
3806778226 -13.8719028 -40.0665909
3806778227 -13.8717120 -40.0665843
3806778228 -13.8717144 -40.0666433
3806778229 -13.8705361 -40.0639999
3806778230 -13.8707510 -40.0632499
3806778231 -13.8708005 -40.0640745
3806778232 -13.8710305 -40.0632752
3806778233 -13.8763507 -40.0662027
3806778234 -13.8773527 -40.0661935
3806778235 -13.8783308 -40.0654417
3806778236 -13.8784624 -40.0656235
3806778237 -13.8779360 -40.0668806
3806778238 -13.8778223 -40.0669114
3806778239 -13.8787261 -40.0662879
3806778240 -13.8790783 -40.0664368
3806778241 -13.8799759 -40.0650319
3806778242 -13.8805741 -40.0645821
3806778243 -13.8806130 -40.0646591
3806778244 -13.8802241 -40.0654047
3806778245 -13.8761994 -40.0659556
3806778246 -13.8747750 -40.0658135
3806778247 -13.8756241 -40.0658982
3806778248 -13.8756171 -40.0653064
3806778249 -13.8722677 -40.0618430
3806778250 -13.8719507 -40.0616890
3806778251 -13.8715977 -40.0612638
3806778252 -13.8727314 -40.0616613
3806778253 -13.8735420 -40.0609649
3806778254 -13.8736885 -40.0609157
3806778255 -13.8742455 -40.0632912
3806778256 -13.8751692 -40.0617845
3806779457 -13.8752730 -40.0637510
3806779458 -13.8762938 -40.0630077
3806779459 -13.8758668 -40.0633186
3806779460 -13.8756184 -40.0629349
3806779461 -13.8753127 -40.0626780
3806779462 -13.8761569 -40.0616139
3806779463 -13.8763634 -40.0635727
3806779464 -13.8761013 -40.0631478
3806779465 -13.8790786 -40.0613285
3806779466 -13.8790217 -40.0613809
3806779467 -13.8782560 -40.0615966
3806779468 -13.8781633 -40.0615935
3806779469 -13.8773288 -40.0611868
3806779470 -13.8772929 -40.0611375
3806804339 -13.8798328 -40.0608658
3806804341 -13.8782909 -40.0578047
3806804342 -13.8791288 -40.0577298
3806804343 -13.8787241 -40.0573758
3806804344 -13.8788304 -40.0572733
3806804347 -13.8792022 -40.0569133
3806804557 -13.8787844 -40.0543575
3806804560 -13.8802735 -40.0554773
3806804562 -13.8787311 -40.0538381
3806804563 -13.8790355 -40.0539734
3806804573 -13.8782326 -40.0546575
3850619812 -13.8644973 -40.0741229
3850619823 -13.8658246 -40.0772120
3850619824 -13.8659038 -40.0744023
3850619831 -13.8661803 -40.0769935
3850619832 -13.8664530 -40.0766357
3850619833 -13.8664986 -40.0765532
3850619835 -13.8669758 -40.0764559
3850619837 -13.8672523 -40.0652497
3850619838 -13.8672608 -40.0650886
3850619839 -13.8678512 -40.0604136
3850619840 -13.8679082 -40.0603263
3850619841 -13.8679349 -40.0602906
3850619842 -13.8679725 -40.0600534
3850619843 -13.8679855 -40.0602453
3850619844 -13.8680548 -40.0602000
3850619845 -13.8680742 -40.0600787
3850619846 -13.8681720 -40.0601465
3850619859 -13.8692358 -40.0599511
3850619871 -13.8707037 -40.0729062
3850619872 -13.8707116 -40.0726409
3850619874 -13.8707982 -40.0732579
3850619891 -13.8719452 -40.0729940
3850619901 -13.8738162 -40.0721446
3850619902 -13.8739688 -40.0727249
3850619903 -13.8748979 -40.0727256
3850619904 -13.8750252 -40.0727087
3850619905 -13.8758489 -40.0640253
3850619906 -13.8759541 -40.0600118
3850619907 -13.8759638 -40.0639632
3853284963 -13.8819385 -40.0758802
3853294078 -13.8297418 -40.0695499
3853294079 -13.8306004 -40.0644737
3853294080 -13.8307435 -40.0620829
3853294081 -13.8294275 -40.0707046
3853294082 -13.8330270 -40.0817640
3853294083 -13.8284684 -40.0778737
3853294084 -13.8337704 -40.0610171
3853294085 -13.8344361 -40.0785173
3853294086 -13.8342195 -40.0792586
3853294087 -13.8378447 -40.0843840
3853294088 -13.8388742 -40.0618031
3853294089 -13.8399554 -40.0656512
3853294090 -13.8404342 -40.0977061
3853294091 -13.8411905 -40.0953693
3853294092 -13.8412910 -40.0674525
3853294093 -13.8419407 -40.0976482
3853294094 -13.8427169 -40.0843980
3853294095 -13.8428441 -40.0944359
3853294096 -13.8441695 -40.0976646
3853294097 -13.8444232 -40.0675671
3853294098 -13.8445771 -40.0923727
3853294099 -13.8446566 -40.0844799
3853294100 -13.8458649 -40.0907515
3853294101 -13.8459285 -40.0868707
3853294102 -13.8462783 -40.0892778
3853294103 -13.8501000 -40.1147149
3853294104 -13.8490907 -40.1139797
3853294105 -13.8473770 -40.0995711
3853294106 -13.8492819 -40.1174745
3853294107 -13.8476984 -40.0667811
3853294108 -13.8477122 -40.1127956
3853294109 -13.8484456 -40.0634079
3853294110 -13.8486751 -40.1131130
3853294111 -13.8492936 -40.1187651
3853294112 -13.8496307 -40.1134603
3853294113 -13.8496982 -40.0991453
3853294114 -13.8501590 -40.1133214
3853294115 -13.8502265 -40.1110867
3853294116 -13.8505886 -40.1103091
3853294117 -13.8516718 -40.0488588
3853294118 -13.8517617 -40.0530504
3853294119 -13.8520830 -40.1090810
3853294120 -13.8528621 -40.1050527
3853294121 -13.8529084 -40.0472841
3853294122 -13.8530052 -40.1083932
3853294123 -13.8533245 -40.1207375
3853294124 -13.8537403 -40.0621513
3853294125 -13.8537524 -40.1002549
3853294126 -13.8542625 -40.1227352
3853294127 -13.8550256 -40.1289413
3853294128 -13.8554491 -40.0475620
3853294129 -13.8555026 -40.1334117
3853294130 -13.8566473 -40.1341158
3853294131 -13.8567586 -40.1289249
3853294132 -13.8571401 -40.1303004
3853294133 -13.8578324 -40.0459410
3853294134 -13.8586028 -40.1327894
3853294135 -13.8603993 -40.1331661
3853294136 -13.8614297 -40.0452925
3853294137 -13.8617824 -40.1365557
3853294138 -13.8635471 -40.1379312
3853294139 -13.8640151 -40.0459015
3853294140 -13.8648418 -40.0414148
3853294141 -13.8649779 -40.1402073
3853294142 -13.8651959 -40.0366129
3853294143 -13.8666313 -40.1394868
3853294144 -13.8666743 -40.0389873
3853294145 -13.8670400 -40.0360070
3853294146 -13.8701400 -40.0366784
3853294147 -13.8703742 -40.0496022
3853294148 -13.8704696 -40.0472770
3853294149 -13.8739236 -40.0394622
3853294150 -13.8755256 -40.0430459
3853294151 -13.8761102 -40.0397807
3853294152 -13.8827312 -40.0731005
3853294153 -13.8789654 -40.0448059
3853294154 -13.8815499 -40.0746621
3853294155 -13.8828032 -40.0726898
3853294156 -13.8805576 -40.0689839
3853296557 -13.8799847 -40.0596206
3853296558 -13.8812768 -40.0699881
3853296559 -13.8804441 -40.0756957
3853296560 -13.8804766 -40.0653397
3853296561 -13.8818863 -40.0711009
3853296562 -13.8813283 -40.0492794
3853296563 -13.8814070 -40.0560435
3853296564 -13.8816602 -40.0660263
3853296565 -13.8818117 -40.0546772
3853296566 -13.8819737 -40.0628824
3853296567 -13.8823572 -40.0476370
3853296568 -13.8826973 -40.0457554
3853296569 -13.8829020 -40.0519909
3853296570 -13.8831838 -40.0467200
3853296571 -13.8844616 -40.0454145
3853296572 -13.8845350 -40.0461305
3853300941 -13.8739865 -40.0768800
3853300942 -13.8746800 -40.0769733
3853300943 -13.8748074 -40.0753904
3853300944 -13.8750875 -40.0769849
3853300945 -13.8752306 -40.0745840
3853300946 -13.8753854 -40.0767649
3853300947 -13.8755287 -40.0740293
3853300948 -13.8755610 -40.0766201
3853300949 -13.8756284 -40.0766549
3853300950 -13.8757076 -40.0738778
3853300951 -13.8759301 -40.0736649
3853300952 -13.8761189 -40.0734193
3853300953 -13.8762860 -40.0754924
3853300954 -13.8763097 -40.0731163
3853300955 -13.8765302 -40.0727766
3853300956 -13.8766415 -40.0725576
3853300957 -13.8766862 -40.0722691
3853300958 -13.8767250 -40.0723037
3853300959 -13.8767498 -40.0719969
3853300960 -13.8767806 -40.0720540
3853300961 -13.8767927 -40.0717630
3853300962 -13.8768061 -40.0716735
3853300963 -13.8768303 -40.0718023
3853300964 -13.8768740 -40.0714727
3853300965 -13.8768846 -40.0709110
3853300966 -13.8769105 -40.0705017
3853300967 -13.8769257 -40.0710756
3853300968 -13.8769932 -40.0698741
3853300969 -13.8772041 -40.0738549
3853300970 -13.8773430 -40.0691966
3853300971 -13.8777006 -40.0693255
3853300972 -13.8778556 -40.0693501
3853300973 -13.8779155 -40.0725572
3853300974 -13.8779689 -40.0693440
3853300975 -13.8780861 -40.0693030
3853300976 -13.8781994 -40.0692232
3853300977 -13.8782690 -40.0691188
3853300978 -13.8788971 -40.0707969
3853300979 -13.8797556 -40.0692290
3853300980 -13.8802369 -40.0655561
3853300981 -13.8807471 -40.0674380
3853300982 -13.8813996 -40.0662430
4136644711 -13.9598198 -40.0308840
4136644712 -13.9607553 -40.0316739
4136644713 -13.9634725 -40.0329760
4136644715 -13.9649390 -40.0334913
4136644717 -13.9669994 -40.0336948
4136644721 -13.9699247 -40.0333573
4136644722 -13.9688563 -40.0335067
4136644723 -13.9710067 -40.0329975
4136644726 -13.9734225 -40.0325388
4136644730 -13.9741175 -40.0327445
4136644732 -13.9750787 -40.0335135
4136644734 -13.9757293 -40.0340712
4136644736 -13.9771147 -40.0349643
4136644737 -13.9779672 -40.0355894
4136644739 -13.9787182 -40.0360682
4136644741 -13.9794274 -40.0369204
4136644743 -13.9800754 -40.0375930
4136644745 -13.9806514 -40.0380488
4136644747 -13.9816548 -40.0387559
4136644749 -13.9827325 -40.0392364
4136644751 -13.9837502 -40.0395772
4136644753 -13.9845952 -40.0396760
4136644756 -13.9856021 -40.0399286
4136644758 -13.9866016 -40.0401546
4136644760 -13.9869706 -40.0406295
4136644762 -13.9872262 -40.0413001
4136644765 -13.9875848 -40.0423983
4136644767 -13.9879964 -40.0434080
4136644770 -13.9885791 -40.0444594
4136644771 -13.9892942 -40.0451640
4136644773 -13.9894670 -40.0458431
4136644775 -13.9899244 -40.0464286
4136644777 -13.9903933 -40.0472494
4136644779 -13.9910497 -40.0479529
4136644781 -13.9917116 -40.0484124
4136644782 -13.9925158 -40.0486549
4136644784 -13.9933275 -40.0486276
4136644786 -13.9941089 -40.0486491
4136644788 -13.9952772 -40.0485385
4136644990 -13.9964339 -40.0482081
4136644991 -13.9976491 -40.0477330
4136644993 -13.9983458 -40.0467289
4136644994 -13.9990776 -40.0456148
4136644996 -13.9993258 -40.0445416
4136644998 -13.9994427 -40.0435080
4136645000 -13.9996537 -40.0427378
4136645002 -13.9999569 -40.0419457
4136645004 -14.0003677 -40.0412030
4136645006 -14.0008666 -40.0405505
4136645008 -14.0015584 -40.0403988
4136645011 -14.0024593 -40.0404336
4136645012 -14.0033844 -40.0403841
4136645014 -14.0042727 -40.0402317
4136645017 -14.0054004 -40.0401051
4136645018 -14.0062559 -40.0398770
4136645020 -14.0069836 -40.0396489
4136645022 -14.0078873 -40.0395646
4136645024 -14.0087773 -40.0397144
4136645027 -14.0092474 -40.0398594
4136645028 -14.0103522 -40.0401793
4136645030 -14.0113075 -40.0401551
4136645033 -14.0120667 -40.0402007
4136645035 -14.0129107 -40.0403870
4136645036 -14.0139349 -40.0406872
4136645039 -14.0147664 -40.0406866
4136645041 -14.0155905 -40.0405521
4136645043 -14.0164824 -40.0404682
4136645045 -14.0174056 -40.0403718
4136645047 -14.0179929 -40.0400679
4136645049 -14.0185670 -40.0396925
4136645051 -14.0192374 -40.0386715
4136645053 -14.0195011 -40.0379300
4136645055 -14.0193875 -40.0373075
4136645056 -14.0191727 -40.0362810
4136645058 -14.0189530 -40.0354060
4136645060 -14.0188699 -40.0347094
4136645062 -14.0187844 -40.0341263
4136645064 -14.0188404 -40.0332868
4136645066 -14.0189073 -40.0324643
4136645068 -14.0187106 -40.0317965
4136645070 -14.0186049 -40.0310523
4136645072 -14.0185163 -40.0303501
4136645074 -14.0186602 -40.0296716
4136645076 -14.0189613 -40.0290570
4136645078 -14.0191062 -40.0284824
4136645080 -14.0191169 -40.0280412
4136645082 -14.0190542 -40.0275220
4136645084 -14.0190067 -40.0268885
4136645086 -14.0190191 -40.0263155
4136645088 -14.0190843 -40.0257621
4136645090 -14.0192123 -40.0251921
4136645092 -14.0192632 -40.0246063
4136645094 -14.0193771 -40.0238161
4136645096 -14.0196063 -40.0231032
4136645098 -14.0199173 -40.0224900
4136645100 -14.0202227 -40.0219374
4136645103 -14.0206127 -40.0212599
4136645105 -14.0210340 -40.0209416
4136645107 -14.0216734 -40.0205908
4136645110 -14.0222727 -40.0198573
4136645112 -14.0227761 -40.0192859
4136645113 -14.0234147 -40.0185689
4136645116 -14.0239431 -40.0181715
4136645119 -14.0244708 -40.0178302
4136645120 -14.0252776 -40.0174003
4136645122 -14.0260603 -40.0169724
4136645124 -14.0266039 -40.0165377
4136645126 -14.0273351 -40.0161136
4136645128 -14.0280276 -40.0156634
4136645130 -14.0288020 -40.0152137
4136645132 -14.0298632 -40.0145443
4136645134 -14.0306858 -40.0141741
4136645137 -14.0314345 -40.0137782
4136645139 -14.0321033 -40.0134632
4136645141 -14.0327208 -40.0131559
4136645143 -14.0333816 -40.0127100
4136645145 -14.0340772 -40.0123227
4136645147 -14.0344100 -40.0119519
4136645149 -14.0353372 -40.0113747
4136645150 -14.0356565 -40.0105989
4136645152 -14.0356868 -40.0099071
4136645155 -14.0353723 -40.0093224
4136645156 -14.0353026 -40.0084663
4136645159 -14.0354734 -40.0077495
4136645161 -14.0356898 -40.0069712
4136645163 -14.0361515 -40.0059448
4136645165 -14.0364324 -40.0049769
4136645167 -14.0362135 -40.0041531
4136645169 -14.0361924 -40.0034351
4136645171 -14.0365211 -40.0029287
4136645173 -14.0369572 -40.0025843
4136645175 -14.0374012 -40.0019762
4136645177 -14.0377418 -40.0014651
4136645179 -14.0380745 -40.0010038
4136645181 -14.0385328 -40.0003491
4136645183 -14.0389479 -39.9997626
4136645185 -14.0392814 -39.9992693
4136645187 -14.0396345 -39.9986990
4136645289 -14.0399270 -39.9980694
4136645291 -14.0406291 -39.9972902
4136645293 -14.0409968 -39.9963066
4136645295 -14.0413432 -39.9956643
4136645297 -14.0416761 -39.9948669
4136645299 -14.0419163 -39.9941992
4136645301 -14.0423646 -39.9934446
4136645303 -14.0427810 -39.9928530
4136645305 -14.0432554 -39.9922221
4136645307 -14.0439628 -39.9914860
4136645310 -14.0454733 -39.9906138
4136645311 -14.0463034 -39.9902422
4136645313 -14.0470958 -39.9895574
4136645315 -14.0483039 -39.9888311
4136645317 -14.0493442 -39.9885393
4136645319 -14.0503154 -39.9877012
4136645321 -14.0514910 -39.9865061
4136645323 -14.0522611 -39.9850640
4136645325 -14.0525809 -39.9840202
4136645327 -14.0525527 -39.9828559
4136645329 -14.0525799 -39.9819300
4136645331 -14.0528867 -39.9808098
4136645333 -14.0531410 -39.9799838
4136645336 -14.0536569 -39.9791969
4136645338 -14.0539623 -39.9784736
4136645340 -14.0547237 -39.9775759
4136645342 -14.0552200 -39.9769620
4136645344 -14.0559833 -39.9764941
4136645346 -14.0569920 -39.9760836
4136645348 -14.0577214 -39.9758365
4136645350 -14.0585704 -39.9754504
4136645352 -14.0595132 -39.9747137
4136645354 -14.0600022 -39.9739886
4136645356 -14.0605583 -39.9733167
4136645358 -14.0611802 -39.9724553
4136645360 -14.0617523 -39.9714193
4136645363 -14.0619896 -39.9706798
4136645364 -14.0624424 -39.9694111
4136645366 -14.0628134 -39.9683334
4136645368 -14.0629804 -39.9675165
4136645370 -14.0632070 -39.9667788
4136645372 -14.0634992 -39.9660908
4136645374 -14.0638473 -39.9653921
4136645375 -14.0640617 -39.9647013
4136645376 -14.0641147 -39.9640942
4136645379 -14.0640092 -39.9633019
4136645380 -14.0638888 -39.9626478
4136645382 -14.0638750 -39.9620363
4136645384 -14.0638661 -39.9612272
4136645386 -14.0639530 -39.9603587
4136645388 -14.0640866 -39.9596525
4136645490 -14.0642072 -39.9590527
4136645492 -14.0643792 -39.9581431
4136645494 -14.0646461 -39.9574105
4136645496 -14.0648535 -39.9567623
4136645498 -14.0651682 -39.9561794
4136645499 -14.0655516 -39.9553705
4136645501 -14.0658058 -39.9544472
4136645503 -14.0657796 -39.9535560
4136645505 -14.0657832 -39.9526686
4136645507 -14.0660354 -39.9518003
4136645509 -14.0664345 -39.9508351
4136645511 -14.0668338 -39.9502215
4136645512 -14.0669238 -39.9496518
4136645515 -14.0669195 -39.9491972
4136645516 -14.0670955 -39.9487433
4136645518 -14.0675238 -39.9482212
4136645519 -14.0680977 -39.9476030
4136645522 -14.0688381 -39.9472928
4136645523 -14.0693254 -39.9468646
4136645525 -14.0700240 -39.9463276
4136645527 -14.0706376 -39.9458834
4136645530 -14.0719561 -39.9455919
4136645532 -14.0731342 -39.9447440
4136645535 -14.0741110 -39.9442143
4136645537 -14.0746826 -39.9436596
4136645538 -14.0757243 -39.9424759
4136645540 -14.0768129 -39.9411747
4136645543 -14.0777356 -39.9397307
4136645544 -14.0783486 -39.9385956
4136645546 -14.0791873 -39.9368756
4136645548 -14.0797967 -39.9354199
4136645550 -14.0801045 -39.9345117
4136645552 -14.0806658 -39.9334980
4136645554 -14.0811286 -39.9325489
4136645557 -14.0817479 -39.9312822
4136645559 -14.0819884 -39.9302929
4136645560 -14.0821470 -39.9293421
4136645562 -14.0823598 -39.9286722
4136645564 -14.0821369 -39.9275846
4136645566 -14.0818206 -39.9269627
4136645568 -14.0813958 -39.9264149
4136645570 -14.0806722 -39.9255878
4136645572 -14.0799171 -39.9251956
4136645574 -14.0790836 -39.9251467
4136645576 -14.0780561 -39.9253159
4136645577 -14.0774577 -39.9255731
4136645579 -14.0762681 -39.9257856
4136645582 -14.0750286 -39.9257632
4136645584 -14.0742070 -39.9257553
4136645586 -14.0732606 -39.9261522
4136645589 -14.0720866 -39.9260611
4136645592 -14.0709282 -39.9258506
4136645594 -14.0698957 -39.9254538
4136645596 -14.0689453 -39.9249040
4136645598 -14.0681706 -39.9243325
4136645600 -14.0675298 -39.9236287
4136645602 -14.0667916 -39.9228579
4136645604 -14.0663500 -39.9219237
4136645607 -14.0659702 -39.9211457
4136645609 -14.0657232 -39.9202811
4136645611 -14.0656201 -39.9190651
4136645613 -14.0654655 -39.9176678
4136645615 -14.0649532 -39.9166451
4136645617 -14.0643529 -39.9158689
4136645619 -14.0637796 -39.9154000
4136645621 -14.0629843 -39.9147569
4136645623 -14.0621792 -39.9142792
4136645625 -14.0613493 -39.9138739
4136645627 -14.0603570 -39.9134114
4136645629 -14.0595996 -39.9130999
4136645631 -14.0586143 -39.9124542
4136645633 -14.0576599 -39.9119719
4136645635 -14.0568660 -39.9115713
4136645637 -14.0557741 -39.9109477
4136645639 -14.0545023 -39.9101494
4136645641 -14.0535594 -39.9095170
4136645643 -14.0523805 -39.9086263
4136645645 -14.0515039 -39.9077573
4136645647 -14.0504590 -39.9069138
4136645649 -14.0499337 -39.9061801
4136645651 -14.0484430 -39.9044038
4136645653 -14.0472172 -39.9032379
4136645655 -14.0453370 -39.9019323
4136645657 -14.0438694 -39.9016067
4136645659 -14.0423172 -39.9016080
4136645661 -14.0404049 -39.9018871
4136645663 -14.0379170 -39.9021068
4136645665 -14.0360476 -39.9023769
4136645667 -14.0344252 -39.9025350
4136645669 -14.0331005 -39.9028208
4136645671 -14.0320063 -39.9031940
4136645674 -14.0306563 -39.9035101
4136645675 -14.0295928 -39.9036167
4136645676 -14.0270367 -39.9021486
4136645680 -14.0276042 -39.9029226
4136645681 -14.0261531 -39.8998391
4136645684 -14.0256561 -39.8982932
4136645686 -14.0252108 -39.8967045
4136645687 -14.0244663 -39.8953092
4136645689 -14.0240423 -39.8941758
4136645691 -14.0218995 -39.8906903
4136645694 -14.0217696 -39.8891918
4136645696 -14.0214496 -39.8873095
4136645698 -14.0202590 -39.8854203
4136645700 -14.0187338 -39.8838006
4136645701 -14.0176307 -39.8827932
4136645703 -14.0164227 -39.8819099
4136645705 -14.0152190 -39.8808730
4136645706 -14.0140462 -39.8795427
4136645708 -14.0125749 -39.8770648
4136645711 -14.0115094 -39.8747903
4136645713 -14.0120903 -39.8720004
4136645715 -14.0117188 -39.8693351
4136645716 -14.0114008 -39.8678261
4136645717 -14.0126762 -39.8644450
4136645720 -14.0132737 -39.8631902
4136645721 -14.0140007 -39.8619789
4136645723 -14.0149737 -39.8602988
4136645724 -14.0162272 -39.8585188
4136645727 -14.0173017 -39.8561662
4136645728 -14.0172859 -39.8543594
4136645729 -14.0175781 -39.8527177
4136645732 -14.0176785 -39.8513528
4136645734 -14.0178106 -39.8494784
4136645736 -14.0178878 -39.8480433
4136645738 -14.0179853 -39.8466156
4136645740 -14.0181867 -39.8450728
4136645742 -14.0185327 -39.8436641
4136645744 -14.0191917 -39.8422912
4136645746 -14.0201006 -39.8409112
4136645748 -14.0205897 -39.8402540
4136645749 -14.0203451 -39.8405879
4136645751 -14.0208350 -39.8392738
4136645753 -14.0212505 -39.8387460
4136645755 -14.0224064 -39.8380102
4136645757 -14.0240521 -39.8363285
4136645758 -14.0232969 -39.8373786
4136645760 -14.0260963 -39.8348108
4166031256 -14.0273375 -39.8341469
4166031258 -14.0280912 -39.8339764
4166031260 -14.0289119 -39.8337667
4166031262 -14.0294215 -39.8335790
4166031264 -14.0303031 -39.8332411
4166031266 -14.0310494 -39.8330389
4166031268 -14.0318915 -39.8328198
4166031270 -14.0326540 -39.8328443
4166031271 -14.0332292 -39.8326928
4166031273 -14.0338373 -39.8325916
4166031275 -14.0344493 -39.8324520
4166031277 -14.0351813 -39.8323108
4166031279 -14.0358200 -39.8321264
4166031282 -14.0366807 -39.8317688
4166031284 -14.0374391 -39.8312480
4166031285 -14.0378021 -39.8310012
4166031287 -14.0382705 -39.8305115
4166032489 -14.0389259 -39.8292559
4166032492 -14.0394628 -39.8284475
4166032494 -14.0398117 -39.8279705
4166032496 -14.0401538 -39.8274359
4166032498 -14.0404912 -39.8269696
4166032501 -14.0410453 -39.8261241
4166032504 -14.0385878 -39.8297828
4166088558 -13.9137373 -40.0353199
4166088559 -13.9125604 -40.0355298
4166088560 -13.9107942 -40.0365389
4166088561 -13.9088580 -40.0371554
4166088562 -13.9010625 -40.0393203
4166088563 -13.8995412 -40.0408845
4166088564 -13.8961847 -40.0432435
4166088565 -13.8941890 -40.0483374
4166088566 -13.8759926 -40.0779331
4166088567 -13.8701962 -40.0779038
4166088568 -13.8691551 -40.0778798
4166088569 -13.8640974 -40.0972147
4166088570 -13.8642900 -40.0950535
4166088571 -13.8644992 -40.0931623
4166088572 -13.8646452 -40.0907071
4166088573 -13.8641986 -40.1010268
4166088574 -13.8642693 -40.0994819
4166088575 -13.8642996 -40.1038040
4166088576 -13.8646971 -40.1061499
4166088577 -13.8657639 -40.1083986
4166088578 -13.8678769 -40.1105440
4166088579 -13.8688965 -40.1122696
4166088580 -13.8683891 -40.1221338
4166088581 -13.8680511 -40.1234696
4166088582 -13.8671188 -40.1306247
4166088583 -13.8676429 -40.1323685
4166088584 -13.8677272 -40.1337156
4166088585 -13.8677317 -40.1358287
4166088586 -13.8677624 -40.1402036
4529455665 -13.8673917 -40.0717845
4529455666 -13.8673985 -40.0716182
4529455667 -13.8675497 -40.0716288
4529455668 -13.8675326 -40.0718164
4529475973 -13.8674638 -40.0713421
4529475974 -13.8680720 -40.0714235
4529475975 -13.8680789 -40.0711298
4529475976 -13.8674638 -40.0710342
4529476045 -13.8667354 -40.0707263
4529476046 -13.8670137 -40.0707688
4529476047 -13.8670034 -40.0706308
4529476048 -13.8667526 -40.0706449
4529476936 -13.8674810 -40.0709741
4529476937 -13.8675738 -40.0709776
4529476938 -13.8675738 -40.0709033
4529476939 -13.8674810 -40.0708997
4529476941 -13.8670927 -40.0707829
4529476942 -13.8671924 -40.0707865
4529476943 -13.8671993 -40.0706201
4529476944 -13.8670927 -40.0706166
4529478131 -13.8673539 -40.0710732
4529478132 -13.8673470 -40.0709776
4529478133 -13.8673195 -40.0713988
4529479968 -13.8674329 -40.0715297
4529479969 -13.8674432 -40.0713669
4529479970 -13.8676975 -40.0713917
4529479971 -13.8676563 -40.0715828
4529480113 -13.8672989 -40.0716642
4529480313 -13.8673470 -40.0721526
4529480314 -13.8673436 -40.0720606
4529480315 -13.8675463 -40.0720818
4529480316 -13.8675085 -40.0721845
4529480317 -13.8674638 -40.0721703
4529483873 -13.8667491 -40.0709918
4529483874 -13.8668488 -40.0709988
4529483875 -13.8668453 -40.0708785
4529483876 -13.8667594 -40.0708856
4584770033 -13.8741767 -40.0688610
4584770034 -13.8742351 -40.0687730
4584770035 -13.8742857 -40.0688105
4584770036 -13.8742241 -40.0688984
4692188132 -13.8688783 -40.2354895
4692188133 -13.8680034 -40.2351945
4692188134 -13.8680841 -40.2348592
4692188135 -13.8680346 -40.2346017
4948054411 -13.8541431 -40.0725327
4948054412 -13.8540084 -40.0724480
4948054415 -13.8492109 -40.0720829
4948054418 -13.8435504 -40.0688846
4948054419 -13.8431775 -40.0687332
4949189153 -13.8686643 -40.0762234
4949189154 -13.8689287 -40.0754364
4949189155 -13.8722566 -40.0748893
4949189156 -13.8723191 -40.0751199
4949189157 -13.8730170 -40.0749268
4949189159 -13.8780397 -40.0728897
4949189160 -13.8781077 -40.0727696
4949189161 -13.8790946 -40.0733524
4949189162 -13.8795261 -40.0719252
4949189163 -13.8787766 -40.0715882
4949189164 -13.8784927 -40.0720895
4949189165 -13.8789982 -40.0723707
4949189166 -13.8729543 -40.0714131
4949189167 -13.8767653 -40.0694865
4949189168 -13.8768604 -40.0675400
4949189169 -13.8770635 -40.0674488
4949189170 -13.8771756 -40.0673850
4949189171 -13.8745402 -40.0644823
4949189172 -13.8676701 -40.0642681
4949189173 -13.8675903 -40.0644394
4949189174 -13.8703600 -40.0596210
4949189175 -13.8721759 -40.0594568
4949189176 -13.8719912 -40.0596360
4949189177 -13.8801934 -40.0607647
4949189178 -13.8798237 -40.0584527
4949189179 -13.8795517 -40.0581697
4949189180 -13.8808861 -40.0570311
4949189183 -13.8785374 -40.0595631
4949189184 -13.8782093 -40.0595309
4949189185 -13.8786675 -40.0591983
4949189186 -13.8789227 -40.0580933
4949189187 -13.8789283 -40.0578543
4949189188 -13.8770944 -40.0558247
4949189189 -13.8773917 -40.0555885
4949189197 -13.8708957 -40.0512344
4949189206 -13.8805003 -40.0542394
4949189215 -13.8712683 -40.0449230
4949189216 -13.8713773 -40.0441412
4949189217 -13.8712968 -40.0445375
4949236103 -13.8721547 -40.0425622
4949236104 -13.8727227 -40.0417909
4949236105 -13.8653752 -40.0758224
4949236106 -13.8648153 -40.0752879
4949236107 -13.8647163 -40.0752289
4949236108 -13.8646226 -40.0752396
4949236109 -13.8644715 -40.0754595
4949236110 -13.8643595 -40.0755277
4949236113 -13.8630293 -40.0742215
4949236117 -13.8590918 -40.0726694
4949236250 -13.8591730 -40.0695705
4949236251 -13.8589637 -40.0712100
4949236252 -13.8595400 -40.0690167
4949236253 -13.8594529 -40.0691075
4949236269 -13.8641491 -40.0724008
4949236270 -13.8652862 -40.0706081
4949236271 -13.8652899 -40.0739830
4949236272 -13.8649628 -40.0735449
4949236273 -13.8667056 -40.0705579
4949236274 -13.8666672 -40.0707887
4949236275 -13.8662144 -40.0707362
4949236276 -13.8662285 -40.0705329
4949236318 -13.8658074 -40.0672483
4949236319 -13.8658923 -40.0665540
4949236361 -13.8650637 -40.0604203
4949236370 -13.8611623 -40.0597889
4949236428 -13.8634751 -40.0586621
5604619424 -13.8623565 -40.0716153
5604619425 -13.8625752 -40.0714007
5604619426 -13.8634580 -40.0690618
5604619427 -13.8638851 -40.0676912
5604619428 -13.8641820 -40.0665191
5604619429 -13.8644346 -40.0654945
5604619430 -13.8648877 -40.0634828
5604619431 -13.8653330 -40.0613827
5604619432 -13.8658616 -40.0592315
5604619433 -13.8662314 -40.0575873
5604619434 -13.8666298 -40.0558895
5604619435 -13.8670490 -40.0540173
5604619436 -13.8673719 -40.0524911
5604619437 -13.8678224 -40.0503024
5604619438 -13.8685984 -40.0487629
5604619439 -13.8693900 -40.0472125
5604619440 -13.8704915 -40.0451016
5604619441 -13.8715383 -40.0429210
5604619442 -13.8728065 -40.0411266
5604619443 -13.8741085 -40.0392678
5604619444 -13.8752255 -40.0376183
5604619445 -13.8765041 -40.0357300
5604619446 -13.8778139 -40.0339168
5604619447 -13.8790429 -40.0321037
5604619448 -13.8815478 -40.0286731
5604619449 -13.8823524 -40.0275573
5604619450 -13.8830503 -40.0264683
5604619451 -13.8850552 -40.0251246
5604619452 -13.8864873 -40.0241911
5604619453 -13.8884167 -40.0230217
5604619454 -13.8910596 -40.0213695
5604619455 -13.8921558 -40.0206506
5604619456 -13.8940226 -40.0199667
5604619457 -13.8955406 -40.0193793
5604619458 -13.8972200 -40.0187275
5604619459 -13.8989228 -40.0180918
5604619460 -13.9006308 -40.0174534
5604619461 -13.9026747 -40.0167534
5604619462 -13.9043176 -40.0160909
5604619463 -13.9064109 -40.0153291
5604619464 -13.9079183 -40.0147042
5604619465 -13.9099387 -40.0139800
5604619466 -13.9117560 -40.0132799
5604619467 -13.9136930 -40.0125664
5604619468 -13.9152968 -40.0119388
5604619469 -13.9168094 -40.0102893
5604619470 -13.9181658 -40.0088596
5604619471 -13.9194467 -40.0075507
5604619472 -13.9206703 -40.0061747
5604619473 -13.9219069 -40.0048497
5604619474 -13.9230889 -40.0036213
5604619475 -13.9254840 -40.0021675
5604619476 -13.9272959 -40.0010410
5604619477 -13.9283399 -39.9998608
5604619478 -13.9296416 -39.9984098
5604619479 -13.9308703 -39.9970204
5604619480 -13.9323334 -39.9952501
5604619481 -13.9334762 -39.9934879
5604619482 -13.9347310 -39.9917042
5604619483 -13.9358296 -39.9898455
5604619484 -13.9371937 -39.9875361
5604619485 -13.9396407 -39.9846581
5604619486 -13.9404738 -39.9836281
5604619487 -13.9421658 -39.9816111
5604619488 -13.9437954 -39.9796370
5604619489 -13.9447482 -39.9784675
5604619490 -13.9471795 -39.9756083
5604619491 -13.9480932 -39.9750263
5604619492 -13.9502955 -39.9737495
5604619493 -13.9519536 -39.9723414
5604619494 -13.9534296 -39.9705818
5604619495 -13.9548274 -39.9687982
5604619496 -13.9560743 -39.9677816
5604619497 -13.9567068 -39.9673042
5604619498 -13.9589376 -39.9656063
5604619499 -13.9607883 -39.9641606
5604619500 -13.9631258 -39.9623930
5604619501 -13.9651352 -39.9607891
5604619502 -13.9665252 -39.9593300
5604619503 -13.9680167 -39.9577877
5604619504 -13.9703150 -39.9553871
5604619505 -13.9717622 -39.9538797
5604619506 -13.9732172 -39.9523723
5604619507 -13.9747242 -39.9508300
5604619508 -13.9755519 -39.9499744
5604619509 -13.9782224 -39.9470589
5604619510 -13.9800886 -39.9443311
5604619511 -13.9818142 -39.9417320
5604619512 -13.9846876 -39.9387226
5604619513 -13.9866709 -39.9371240
5604619514 -13.9883652 -39.9357533
5604619515 -13.9902391 -39.9341869
5604619516 -13.9912802 -39.9334091
5604619517 -13.9927403 -39.9324060
5604619518 -13.9947729 -39.9310648
5604619519 -13.9960924 -39.9301502
5604619520 -13.9978804 -39.9289727
5604619821 -13.9992884 -39.9280259
5604619822 -14.0011596 -39.9268189
5604619823 -14.0034082 -39.9253115
5604619824 -14.0049566 -39.9238282
5604619825 -14.0059690 -39.9228466
5604619826 -14.0070464 -39.9218595
5604619827 -14.0082982 -39.9210334
5604619828 -14.0095630 -39.9201483
5604619829 -14.0114836 -39.9180856
5604619830 -14.0133443 -39.9161276
5604619831 -14.0164333 -39.9128526
5604619832 -14.0173233 -39.9119192
5604619833 -14.0180936 -39.9109536
5604619834 -14.0207479 -39.9077135
5604619835 -14.0225591 -39.9054471
5604619836 -14.0239409 -39.9036178
5604619837 -14.0247971 -39.9028829
5604619838 -14.0273369 -39.9007854
5604619839 -14.0290179 -39.8993906
5604619840 -14.0332312 -39.8958261
5604619841 -14.0305870 -39.8981273
5604619842 -14.0340557 -39.8949784
5604619843 -14.0351720 -39.8934040
5604619844 -14.0364601 -39.8916015
5604619845 -14.0374697 -39.8900297
5604619846 -14.0387604 -39.8881522
5604619847 -14.0395644 -39.8868191
5604619848 -14.0407718 -39.8849577
5604619849 -14.0419479 -39.8830801
5604619850 -14.0431448 -39.8811758
5604619851 -14.0443678 -39.8793089
5604619852 -14.0455856 -39.8774850
5604619853 -14.0469698 -39.8753232
5604619854 -14.0478649 -39.8739660
5604619855 -14.0484686 -39.8729360
5604619856 -14.0505397 -39.8697388
5604619857 -14.0521165 -39.8678023
5604619858 -14.0546092 -39.8646802
5604619859 -14.0558269 -39.8629797
5604619860 -14.0573984 -39.8608393
5604619861 -14.0594591 -39.8593319
5604619862 -14.0611659 -39.8580712
5604619863 -14.0629664 -39.8567569
5604619864 -14.0653913 -39.8549169
5604619865 -14.0665256 -39.8540425
5604619866 -14.0699860 -39.8514301
5604619867 -14.0709642 -39.8507005
5604619868 -14.0728895 -39.8492575
5604619869 -14.0739562 -39.8484528
5604619870 -14.0751478 -39.8475409
5604619871 -14.0765267 -39.8465163
5604619872 -14.0779680 -39.8448586
5604619873 -14.0791413 -39.8435283
5604619874 -14.0804552 -39.8419780
5604619875 -14.0818444 -39.8404062
5604619876 -14.0833533 -39.8386627
5604619877 -14.0842795 -39.8376113
5604619878 -14.0850600 -39.8361522
5604619879 -14.0870788 -39.8323327
5604619880 -14.0879685 -39.8306966
5604619881 -14.0890403 -39.8286957
5604619882 -14.0900289 -39.8268637
5604619883 -14.0910877 -39.8248467
5604619884 -14.0922584 -39.8218936
5604619885 -14.0937074 -39.8202172
5604619886 -14.0948911 -39.8188117
5604619887 -14.0963661 -39.8171568
5604619888 -14.0978906 -39.8154348
5604619889 -14.0990794 -39.8140562
5604619890 -14.1003203 -39.8126587
5604619891 -14.1008406 -39.8101455
5604619892 -14.1011943 -39.8083645
5604619893 -14.1015117 -39.8067606
5604619894 -14.1018213 -39.8053631
5604619895 -14.1020892 -39.8040113
5604619896 -14.1021465 -39.8021391
5604619897 -14.1022427 -39.7978932
5604619898 -14.1024014 -39.7942561
5604619899 -14.1024326 -39.7924349
5604619900 -14.1025653 -39.7883096
5604619901 -14.1026433 -39.7862014
5604619902 -14.1027188 -39.7842675
5604619903 -14.1027656 -39.7818401
5604619904 -14.1031714 -39.7803757
5604619905 -14.1037905 -39.7782272
5604619906 -14.1045085 -39.7757140
5604619907 -14.1073127 -39.7729594
5604619908 -14.1089307 -39.7713473
5604619909 -14.1102158 -39.7700840
5604619910 -14.1113291 -39.7689763
5604619911 -14.1132436 -39.7670665
5604619912 -14.1172838 -39.7630327
5604619913 -14.1163235 -39.7639927
5604619914 -14.1186334 -39.7616833
5604619915 -14.1214218 -39.7588939
5604619916 -14.1229669 -39.7573569
5604619917 -14.1242961 -39.7560668
5604619918 -14.1277785 -39.7526189
5604619919 -14.1254120 -39.7549832
5604619920 -14.1295893 -39.7498173
5604620321 -14.1310251 -39.7477680
5604620322 -14.1311161 -39.7464377
5604620323 -14.1313294 -39.7435463
5604620324 -14.1315557 -39.7408372
5604620325 -14.1315713 -39.7405770
5713718921 -13.8688054 -40.0664314
5713718922 -13.8688134 -40.0662163
5713718923 -13.8687117 -40.0662135
5713718924 -13.8687036 -40.0664065
5713759855 -13.8697453 -40.0726726
5713759856 -13.8697564 -40.0726275
5713759857 -13.8695645 -40.0727543
5713759858 -13.8696054 -40.0726090
5859443734 -13.9658250 -40.0337291
5934654139 -13.8694156 -40.2344238
5934654140 -13.8690275 -40.2349941
5934654141 -13.8685348 -40.2334110
5934654142 -13.8687001 -40.2337616
5934654143 -13.8691194 -40.2336608
5934654144 -13.8697055 -40.2276842
5934654145 -13.8693143 -40.2309577
5934654146 -13.8695910 -40.2292477
5934654147 -13.8696858 -40.2294361
5934654148 -13.8695368 -40.2295484
5934654149 -13.8697962 -40.2296505
5934654150 -13.8695034 -40.2251647
5934654152 -13.8707227 -40.2182019
5934654154 -13.8739853 -40.2018839
5934654156 -13.8740450 -40.1914276
5934654157 -13.8734560 -40.1911535
5934654158 -13.8733408 -40.1906749
5934654159 -13.8721081 -40.1873399
5934654160 -13.8653674 -40.1662644
5934654161 -13.8667235 -40.1598143
5934654162 -13.8673360 -40.1547417
5934654163 -13.8674951 -40.1542518
6028593524 -13.8700994 -40.0662323
6028593525 -13.8701256 -40.0660295
6028593526 -13.8696261 -40.0659558
6028593527 -13.8696398 -40.0658353
6028593528 -13.8701077 -40.0658906
6028593529 -13.8701160 -40.0657900
6028593530 -13.8701476 -40.0657900
6028593531 -13.8702013 -40.0654625
6028593532 -13.8702701 -40.0654625
6028593533 -13.8702164 -40.0659218
6028593534 -13.8702701 -40.0659388
6028593535 -13.8702260 -40.0662521
6090159294 -13.8761516 -40.0695371
6104364085 -13.8770154 -40.0747492
6181711771 -13.8799444 -40.0523462
6234315786 -13.8661197 -40.0696559
6234318885 -13.8738705 -40.0623093
6236195586 -13.8765721 -40.0666600
6293351885 -13.8713944 -40.0669599
6293391285 -13.8701028 -40.0682211
6423605132 -13.8587730 -40.0751055
6423605134 -13.8599922 -40.0755252
6423605135 -13.8779252 -40.0614912
6423605136 -13.8778191 -40.0616401
6423605137 -13.8776001 -40.0618216
6423605138 -13.8794180 -40.0628993
6423605139 -13.8797748 -40.0627042
6423605152 -13.8712776 -40.0700835
6423605153 -13.8732778 -40.0703412
6478314686 -13.8782586 -40.0642173
6495622186 -13.8660702 -40.0696479
6530016985 -13.8774973 -40.0600952
6536047277 -13.8671896 -40.0637666
6536047278 -13.8672001 -40.0634380
6536047279 -13.8674956 -40.0635010
6536047280 -13.8674878 -40.0637907
6536047281 -13.8672105 -40.0639329
6536047282 -13.8674800 -40.0639409
6536047283 -13.8677469 -40.0634715
6536047284 -13.8679031 -40.0633522
6536083285 -13.8679266 -40.0630250
6536083286 -13.8677482 -40.0630250
6536083287 -13.8677352 -40.0639101
6536083288 -13.8677391 -40.0636258
6536083289 -13.8679930 -40.0636499
6536083290 -13.8679865 -40.0638457
6557218089 -13.8797731 -40.0707846
6557218090 -13.8797506 -40.0707924
6557218091 -13.8797324 -40.0707915
6557218092 -13.8797205 -40.0707875
6557218093 -13.8796157 -40.0706188
6557218094 -13.8795900 -40.0705688
6557218095 -13.8795311 -40.0704630
6557218096 -13.8794870 -40.0703974
6557218097 -13.8798225 -40.0707581
6557218098 -13.8794401 -40.0703373
6557218099 -13.8798266 -40.0708935
6557218100 -13.8797011 -40.0709097
6557218101 -13.8798781 -40.0708540
6557218102 -13.8797652 -40.0709129
6557218103 -13.8796418 -40.0708844
6557218104 -13.8794879 -40.0706203
6557218105 -13.8793998 -40.0705379
6557218106 -13.8795129 -40.0706765
6557218107 -13.8794493 -40.0705730
6557218108 -13.8793431 -40.0705175
6557218109 -13.8809205 -40.0710211
6557218110 -13.8805686 -40.0712308
6557218111 -13.8802180 -40.0714396
6557218112 -13.8798694 -40.0716473
6557218113 -13.8812599 -40.0708189
6557218115 -13.8813110 -40.0725171
6557218116 -13.8809647 -40.0727262
6557218118 -13.8806235 -40.0729322
6557218119 -13.8794335 -40.0709045
6557218124 -13.8801079 -40.0704324
6557218125 -13.8817952 -40.0733560
6557218126 -13.8815374 -40.0737047
6557218130 -13.8803032 -40.0749144
6557218131 -13.8798032 -40.0740239
6557218132 -13.8798735 -40.0740132
6557218133 -13.8800818 -40.0740051
6557218134 -13.8802850 -40.0739488
6557218135 -13.8806052 -40.0737342
6557218136 -13.8808995 -40.0733990
6557218137 -13.8812276 -40.0731790
6557218138 -13.8794908 -40.0741527
6557218139 -13.8798944 -40.0751397
6557218140 -13.8820764 -40.0700918
6557218141 -13.8812627 -40.0699793
6557218142 -13.8815036 -40.0699845
6557218143 -13.8813834 -40.0699655
6557218144 -13.8811494 -40.0700247
6557218145 -13.8807136 -40.0702918
6557218146 -13.8806140 -40.0702434
6557218147 -13.8807693 -40.0702876
6557218148 -13.8806597 -40.0702765
6557218149 -13.8805818 -40.0701964
6557218150 -13.8801089 -40.0693531
6557218151 -13.8801522 -40.0693998
6557218152 -13.8800535 -40.0693230
6557218153 -13.8792152 -40.0714677
6557218154 -13.8790589 -40.0717352
6557218155 -13.8794673 -40.0719479
6557218156 -13.8783594 -40.0734208
6557218157 -13.8785612 -40.0730374
6557218158 -13.8789772 -40.0745000
6725517766 -13.8471423 -40.0709710
6725517776 -13.8466488 -40.0706909
6725517783 -13.8523422 -40.0723674
6725527914 -13.8645754 -40.0653012
6725527915 -13.8632877 -40.0697392
6725527918 -13.8639107 -40.0678084
6725527925 -13.8652146 -40.0605125
6771813519 -13.8720088 -40.0728419
6771813520 -13.8721129 -40.0730779
6771813521 -13.8723733 -40.0732174
6771813522 -13.8725712 -40.0732174
6771813523 -13.8728212 -40.0731101
6771813524 -13.8728837 -40.0728526
6771813525 -13.8728004 -40.0726809
6771813526 -13.8725296 -40.0725522
6771813527 -13.8722379 -40.0725629
6771813528 -13.8720713 -40.0727024
